﻿Time_s      	WheelBasedVehicleSpd
      0.1440	      0.0000
      0.2440	      0.0000
      0.3441	      0.0000
      0.4440	      0.0000
      0.5441	      0.0000
      0.6442	      0.0000
      0.7440	      0.0000
      0.8441	      0.0000
      0.9442	      0.0000
      1.0441	      0.0000
      1.1441	      0.0000
      1.2442	      0.0000
      1.3441	      0.0000
      1.4442	      0.0000
      1.5442	      0.0000
      1.6442	      0.0000
      1.7442	      0.0000
      1.8442	      0.0000
      1.9441	      0.0000
      2.0442	      0.0000
      2.1443	      0.0000
      2.2442	      0.0000
      2.3442	      0.0000
      2.4443	      0.0000
      2.5442	      0.0000
      2.6443	      0.0000
      2.7443	      0.0000
      2.8443	      0.0000
      2.9443	      0.0000
      3.0443	      0.0000
      3.1443	      0.0000
      3.2443	      0.0000
      3.3444	      0.0000
      3.4443	      0.0000
      3.5443	      0.0000
      3.6444	      0.0000
      3.7443	      0.0000
      3.8444	      0.0000
      3.9444	      0.0000
      4.0443	      0.0000
      4.1444	      0.0000
      4.2444	      0.0000
      4.3444	      0.0000
      4.4445	      0.0000
      4.5445	      0.0000
      4.6444	      0.0000
      4.7444	      0.0000
      4.8445	      0.0000
      4.9444	      0.0000
      5.0445	      0.0000
      5.1445	      0.0000
      5.2444	      0.0000
      5.3445	      0.0000
      5.4446	      0.0000
      5.5445	      0.0000
      5.6446	      0.0000
      5.7446	      0.0000
      5.8445	      0.0000
      5.9445	      0.0000
      6.0446	      0.0000
      6.1445	      0.0000
      6.2446	      0.0000
      6.3446	      0.0000
      6.4446	      0.0000
      6.5446	      0.0000
      6.6447	      0.0000
      6.7446	      0.0000
      6.8446	      0.0000
      6.9447	      0.0000
      7.0446	      0.0000
      7.1446	      0.0000
      7.2447	      0.0000
      7.3446	      0.0000
      7.4447	      0.0000
      7.5447	      0.0000
      7.6447	      0.0000
      7.7447	      0.0000
      7.8448	      0.0000
      7.9447	      0.0000
      8.0447	      0.0000
      8.1448	      0.0000
      8.2447	      0.0000
      8.3447	      0.0000
      8.4449	      0.0000
      8.5447	      0.0000
      8.6448	      0.0000
      8.7448	      0.0000
      8.8448	      0.0000
      8.9448	      0.0000
      9.0449	      0.0000
      9.1448	      0.0000
      9.2448	      0.0000
      9.3449	      0.0000
      9.4448	      0.0000
      9.5448	      0.0000
      9.6450	      0.0000
      9.7448	      0.0000
      9.8449	      0.0000
      9.9449	      0.0000
     10.0449	      0.0000
     10.1449	      0.0000
     10.2450	      0.0000
     10.3449	      0.0000
     10.4450	      0.0000
     10.5450	      0.0000
     10.6450	      0.0000
     10.7450	      0.0000
     10.8450	      0.0000
     10.9449	      0.0000
     11.0450	      0.0000
     11.1451	      0.0000
     11.2450	      0.0000
     11.3450	      0.0000
     11.4451	      0.0000
     11.5450	      0.0000
     11.6451	      0.0000
     11.7451	      0.0000
     11.8450	      0.0000
     11.9451	      0.0000
     12.0452	      0.0000
     12.1451	      0.0000
     12.2451	      0.0000
     12.3452	      0.0000
     12.4451	      0.0000
     12.5451	      0.0000
     12.6452	      0.0000
     12.7451	      0.0000
     12.8452	      0.0000
     12.9452	      0.0000
     13.0451	      0.0000
     13.1452	      0.0000
     13.2453	      0.0000
     13.3452	      0.0000
     13.4452	      0.0000
     13.5453	      0.0000
     13.6452	      0.0000
     13.7452	      0.0000
     13.8453	      0.0000
     13.9452	      0.0000
     14.0453	      0.0000
     14.1453	      0.0000
     14.2452	      0.0000
     14.3453	      0.0000
     14.4454	      0.0000
     14.5453	      0.0000
     14.6454	      0.0000
     14.7454	      0.0000
     14.8453	      0.0000
     14.9453	      0.0000
     15.0454	      0.0000
     15.1453	      0.0000
     15.2454	      0.0000
     15.3454	      0.0000
     15.4454	      0.0000
     15.5454	      0.0000
     15.6455	      0.0000
     15.7454	      0.0000
     15.8454	      0.0000
     15.9455	      0.0000
     16.0454	      0.0000
     16.1454	      0.0000
     16.2455	      0.0000
     16.3454	      0.0000
     16.4455	      0.0000
     16.5455	      0.0000
     16.6455	      0.0000
     16.7455	      0.0000
     16.8456	      0.0000
     16.9455	      0.0000
     17.0455	      0.0000
     17.1456	      0.0000
     17.2455	      0.0000
     17.3455	      0.0000
     17.4457	      0.0000
     17.5455	      0.0000
     17.6457	      0.0000
     17.7457	      0.0000
     17.8456	      0.0000
     17.9456	      0.0000
     18.0457	      0.0000
     18.1456	      0.0000
     18.2456	      0.0000
     18.3457	      0.0000
     18.4457	      0.0000
     18.5456	      0.0000
     18.6458	      0.0000
     18.7456	      0.0000
     18.8457	      0.0000
     18.9458	      0.0000
     19.0457	      0.0000
     19.1457	      0.0000
     19.2458	      0.0000
     19.3457	      0.0000
     19.4458	      0.0000
     19.5458	      0.0000
     19.6458	      0.0000
     19.7457	      0.0000
     19.8458	      0.0000
     19.9457	      0.0000
     20.0458	      0.0000
     20.1459	      0.0000
     20.2458	      0.0000
     20.3458	      0.0000
     20.4459	      0.0000
     20.5458	      0.0000
     20.6459	      0.0000
     20.7459	      0.0000
     20.8459	      0.0000
     20.9459	      0.0000
     21.0459	      0.0000
     21.1458	      0.0000
     21.2459	      0.0000
     21.3459	      0.0000
     21.4459	      0.0000
     21.5459	      0.0000
     21.6460	      0.0000
     21.7459	      0.0000
     21.8459	      0.0000
     21.9460	      0.0000
     22.0460	      0.0000
     22.1460	      0.0000
     22.2461	      0.0000
     22.3459	      0.0000
     22.4460	      0.0000
     22.5461	      0.0000
     22.6461	      0.0000
     22.7460	      0.0000
     22.8461	      0.0000
     22.9460	      0.0000
     23.0461	      0.0000
     23.1461	      0.0000
     23.2461	      0.0000
     23.3461	      0.0000
     23.4462	      0.0000
     23.5461	      0.0000
     23.6462	      0.0000
     23.7462	      0.0000
     23.8461	      0.0000
     23.9461	      0.0000
     24.0462	      0.0000
     24.1461	      0.0000
     24.2462	      0.0000
     24.3462	      0.0000
     24.4462	      0.0000
     24.5462	      0.0000
     24.6463	      0.0000
     24.7462	      0.0000
     24.8462	      0.0000
     24.9463	      0.0000
     25.0462	      0.0000
     25.1462	      0.0000
     25.2463	      0.0000
     25.3462	      0.0000
     25.4463	      0.0000
     25.5463	      0.0000
     25.6463	      0.0000
     25.7463	      0.0000
     25.8464	      0.0000
     25.9463	      0.0000
     26.0463	      0.0000
     26.1464	      0.0000
     26.2463	      0.0000
     26.3463	      0.0000
     26.4465	      0.0000
     26.5463	      0.0000
     26.6464	      0.0000
     26.7465	      0.0000
     26.8464	      0.0000
     26.9464	      0.0000
     27.0465	      0.0000
     27.1464	      0.0000
     27.2464	      0.0000
     27.3465	      0.0000
     27.4465	      0.0000
     27.5464	      0.0000
     27.6466	      0.0000
     27.7465	      0.0000
     27.8465	      0.0000
     27.9466	      0.0000
     28.0465	      0.0000
     28.1465	      0.0000
     28.2466	      0.0000
     28.3465	      0.0000
     28.4466	      0.0000
     28.5466	      0.0000
     28.6466	      0.0000
     28.7466	      0.0000
     28.8467	      0.0000
     28.9465	      0.0000
     29.0466	      0.0000
     29.1467	      0.0000
     29.2466	      0.0000
     29.3466	      0.0000
     29.4467	      0.0000
     29.5466	      0.0000
     29.6467	      0.0000
     29.7467	      0.0000
     29.8467	      0.0000
     29.9467	      0.0000
     30.0468	      0.0000
     30.1467	      0.0000
     30.2467	      0.0000
     30.3468	      0.0000
     30.4467	      0.0000
     30.5467	      0.0000
     30.6468	      0.0000
     30.7467	      0.0000
     30.8468	      0.0000
     30.9468	      0.0000
     31.0467	      0.0000
     31.1467	      0.0000
     31.2469	      0.0000
     31.3468	      0.0000
     31.4468	      0.0000
     31.5469	      0.0000
     31.6468	      0.0000
     31.7468	      0.0000
     31.8469	      0.0000
     31.9468	      0.0000
     32.0468	      0.0000
     32.1469	      0.0000
     32.2468	      0.0000
     32.3469	      0.0000
     32.4470	      0.0000
     32.5469	      0.0000
     32.6470	      0.0000
     32.7470	      0.0000
     32.8469	      0.0000
     32.9469	      0.0000
     33.0470	      0.0000
     33.1469	      0.0000
     33.2470	      0.0000
     33.3470	      0.0000
     33.4470	      0.0000
     33.5469	      0.0000
     33.6474	      0.0000
     33.7470	      0.0000
     33.8470	      0.0000
     33.9471	      0.0000
     34.0470	      0.0000
     34.1470	      0.0000
     34.2471	      0.0000
     34.3470	      0.0000
     34.4471	      0.0000
     34.5471	      0.0000
     34.6471	      0.0000
     34.7471	      0.0000
     34.8475	      0.0000
     34.9471	      0.0000
     35.0471	      0.0000
     35.1472	      0.0000
     35.2471	      0.0000
     35.3471	      0.0000
     35.4475	      0.0000
     35.5471	      0.0000
     35.6472	      0.0000
     35.7475	      0.0000
     35.8472	      0.0000
     35.9472	      0.0000
     36.0473	      0.0000
     36.1472	      0.0000
     36.2472	      0.0000
     36.3475	      0.0000
     36.4472	      0.0000
     36.5472	      0.0000
     36.6477	      0.0000
     36.7472	      0.0000
     36.8473	      0.0000
     36.9477	      0.0000
     37.0473	      0.0000
     37.1473	      0.0000
     37.2477	      0.0000
     37.3473	      0.0000
     37.4477	      0.0000
     37.5477	      0.0000
     37.6477	      0.0000
     37.7474	      0.0000
     37.8477	      0.0000
     37.9473	      0.0000
     38.0474	      0.0000
     38.1478	      0.0000
     38.2474	      0.0000
     38.3474	      0.0000
     38.4478	      0.0000
     38.5474	      0.0000
     38.6474	      0.0000
     38.7478	      0.0000
     38.8474	      0.0000
     38.9475	      0.0000
     39.0478	      0.0000
     39.1475	      0.0000
     39.2478	      0.0000
     39.3479	      0.0000
     39.4475	      0.0000
     39.5475	      0.0000
     39.6476	      0.0000
     39.7475	      0.0000
     39.8475	      0.0000
     39.9479	      0.0000
     40.0478	      0.0000
     40.1476	      0.0000
     40.2479	      0.0000
     40.3476	      0.0000
     40.4479	      0.0000
     40.5480	      0.0000
     40.6476	      0.0000
     40.7479	      0.0000
     40.8480	      0.0000
     40.9479	      0.0000
     41.0479	      0.0000
     41.1480	      0.0000
     41.2479	      0.0000
     41.3479	      0.0000
     41.4481	      0.0000
     41.5476	      0.0000
     41.6480	      0.0000
     41.7481	      0.0000
     41.8480	      0.0000
     41.9480	      0.0000
     42.0481	      0.0000
     42.1480	      0.0000
     42.2480	      0.0000
     42.3481	      0.0000
     42.4481	      0.0000
     42.5481	      0.0000
     42.6482	      0.0000
     42.7481	      0.0000
     42.8481	      0.0000
     42.9482	      0.0000
     43.0481	      0.0000
     43.1481	      0.0000
     43.2482	      0.0000
     43.3481	      0.0000
     43.4481	      0.0000
     43.5482	      0.0000
     43.6481	      0.0000
     43.7481	      0.0000
     43.8483	      0.0000
     43.9482	      0.0000
     44.0479	      0.0000
     44.1483	      0.0000
     44.2482	      0.0000
     44.3482	      0.0000
     44.4483	      0.0000
     44.5482	      0.0000
     44.6482	      0.0000
     44.7483	      0.0000
     44.8483	      0.0000
     44.9480	      0.0000
     45.0484	      0.0000
     45.1482	      0.0000
     45.2483	      0.0000
     45.3484	      0.0000
     45.4483	      0.0000
     45.5483	      0.0000
     45.6484	      0.0000
     45.7483	      0.0000
     45.8483	      0.0000
     45.9484	      0.0000
     46.0483	      0.0000
     46.1483	      0.0000
     46.2485	      0.0000
     46.3483	      0.0000
     46.4484	      0.0000
     46.5485	      0.0000
     46.6484	      0.0000
     46.7484	      0.0000
     46.8485	      0.0000
     46.9484	      0.0000
     47.0484	      0.0000
     47.1485	      0.0000
     47.2484	      0.0000
     47.3485	      0.0000
     47.4486	      0.0000
     47.5485	      0.0000
     47.6485	      0.0000
     47.7486	      0.0000
     47.8485	      0.0000
     47.9485	      0.0000
     48.0486	      0.0000
     48.1485	      0.0000
     48.2485	      0.0000
     48.3486	      0.0000
     48.4485	      0.0000
     48.5486	      0.0000
     48.6487	      0.0000
     48.7486	      0.0000
     48.8486	      0.0000
     48.9487	      0.0000
     49.0486	      0.0000
     49.1483	      0.0000
     49.2487	      0.0000
     49.3486	      0.0000
     49.4486	      0.0000
     49.5488	      0.0000
     49.6487	      0.0000
     49.7487	      0.0000
     49.8485	      0.0000
     49.9487	      0.0000
     50.0487	      0.0000
     50.1488	      0.0000
     50.2487	      0.0000
     50.3487	      0.0000
     50.4488	      0.0000
     50.5487	      0.0000
     50.6488	      0.0000
     50.7488	      0.0000
     50.8487	      0.0000
     50.9488	      0.0000
     51.0489	      0.0000
     51.1488	      0.0000
     51.2486	      0.0000
     51.3489	      0.0000
     51.4488	      0.0000
     51.5488	      0.0000
     51.6490	      0.0000
     51.7489	      0.0000
     51.8489	      0.0000
     51.9490	      0.0000
     52.0489	      0.0000
     52.1489	      0.0000
     52.2490	      0.0000
     52.3489	      0.0000
     52.4490	      0.0000
     52.5490	      0.0000
     52.6489	      0.0000
     52.7489	      0.0000
     52.8491	      0.0000
     52.9489	      0.0000
     53.0490	      0.0000
     53.1490	      0.0000
     53.2490	      0.0000
     53.3490	      0.0000
     53.4491	      0.0000
     53.5490	      0.0000
     53.6490	      0.0000
     53.7491	      0.0000
     53.8490	      0.0000
     53.9490	      0.0000
     54.0492	      0.0000
     54.1490	      0.0000
     54.2494	      0.0000
     54.3492	      0.0000
     54.4491	      0.0000
     54.5491	      0.0000
     54.6492	      0.0000
     54.7491	      0.0000
     54.8491	      0.0000
     54.9492	      0.0000
     55.0491	      0.0000
     55.1491	      0.0000
     55.2493	      0.0000
     55.3491	      0.0000
     55.4492	      0.0000
     55.5493	      0.0000
     55.6492	      0.0000
     55.7495	      0.0000
     55.8493	      0.0000
     55.9495	      0.0000
     56.0495	      0.0000
     56.1493	      0.0000
     56.2495	      0.0000
     56.3495	      0.0000
     56.4497	      0.0000
     56.5490	      0.0000
     56.6494	      0.0000
     56.7494	      0.0000
     56.8496	      0.0000
     56.9496	      0.0000
     57.0494	      0.0000
     57.1493	      0.0000
     57.2496	      0.0000
     57.3494	      0.0000
     57.4494	      0.0000
     57.5491	      0.0000
     57.6498	      0.0000
     57.7496	      0.0000
     57.8497	      0.0000
     57.9495	      0.0000
     58.0494	      0.0000
     58.1494	      0.0000
     58.2495	      0.0000
     58.3497	      0.0000
     58.4495	      0.0000
     58.5496	      0.0000
     58.6498	      0.0000
     58.7498	      0.0000
     58.8496	      0.0000
     58.9498	      0.0000
     59.0498	      0.0000
     59.1496	      0.0000
     59.2495	      0.0000
     59.3495	      0.0000
     59.4497	      0.0000
     59.5498	      0.0000
     59.6496	      0.0000
     59.7500	      0.0000
     59.8499	      0.0000
     59.9499	      0.0000
     60.0497	      0.0000
     60.1499	      0.0000
     60.2499	      0.0000
     60.3500	      0.0000
     60.4496	      0.0000
     60.5499	      0.0000
     60.6498	      0.0000
     60.7500	      0.0000
     60.8500	      0.0000
     60.9500	      0.0000
     61.0500	      0.0000
     61.1500	      0.0000
     61.2501	      0.0000
     61.3497	      0.0000
     61.4497	      0.0000
     61.5498	      0.0000
     61.6498	      0.0000
     61.7498	      0.0000
     61.8501	      0.0000
     61.9498	      0.0000
     62.0500	      0.0000
     62.1498	      0.0000
     62.2501	      0.0000
     62.3498	      0.0000
     62.4499	      0.0000
     62.5498	      0.0000
     62.6499	      0.0000
     62.7503	      0.0000
     62.8501	      0.0000
     62.9498	      0.0000
     63.0502	      0.0000
     63.1498	      0.0000
     63.2499	      0.0000
     63.3500	      0.0000
     63.4499	      0.0000
     63.5502	      0.0000
     63.6503	      0.0000
     63.7503	      0.0000
     63.8502	      0.0000
     63.9505	      0.0000
     64.0504	      0.0000
     64.1501	      0.0000
     64.2503	      0.0000
     64.3504	      0.0000
     64.4502	      0.0000
     64.5505	      0.0000
     64.6502	      0.0000
     64.7502	      0.0000
     64.8506	      0.0000
     64.9505	      0.0000
     65.0505	      0.0000
     65.1503	      0.0000
     65.2502	      0.0000
     65.3502	      0.1328
     65.4504	      0.7617
     65.5505	      1.6758
     65.6506	      2.5977
     65.7504	      3.3984
     65.8503	      4.0547
     65.9506	      4.5352
     66.0504	      4.8398
     66.1503	      5.0703
     66.2507	      5.3594
     66.3504	      5.7813
     66.4506	      6.2656
     66.5507	      6.7344
     66.6505	      7.1836
     66.7504	      7.6211
     66.8504	      8.0352
     66.9508	      8.4180
     67.0504	      8.7930
     67.1504	      9.1641
     67.2505	      9.5547
     67.3504	      9.9531
     67.4504	     10.3672
     67.5508	     10.7930
     67.6508	     11.2148
     67.7505	     11.6211
     67.8506	     12.0234
     67.9504	     12.4258
     68.0508	     12.8281
     68.1506	     13.2383
     68.2508	     13.6602
     68.3508	     14.0938
     68.4506	     14.5352
     68.5508	     14.9805
     68.6508	     15.4102
     68.7506	     15.8359
     68.8508	     16.2539
     68.9508	     16.6641
     69.0507	     17.0703
     69.1508	     17.4609
     69.2509	     17.8320
     69.3507	     18.1992
     69.4509	     18.5820
     69.5509	     18.9844
     69.6508	     19.3906
     69.7509	     19.7891
     69.8510	     20.1875
     69.9510	     20.5703
     70.0509	     20.9336
     70.1509	     21.2656
     70.2511	     21.5391
     70.3507	     21.6875
     70.4507	     21.6914
     70.5509	     21.5781
     70.6508	     21.4453
     70.7511	     21.3711
     70.8510	     21.3438
     70.9508	     21.3281
     71.0508	     21.3047
     71.1512	     21.2539
     71.2511	     21.1680
     71.3508	     21.0625
     71.4510	     20.9492
     71.5511	     20.8516
     71.6512	     20.7656
     71.7509	     20.7031
     71.8512	     20.6758
     71.9508	     20.6953
     72.0509	     20.7422
     72.1511	     20.7891
     72.2511	     20.8320
     72.3510	     20.8789
     72.4511	     20.9336
     72.5509	     20.9961
     72.6510	     21.0664
     72.7509	     21.1211
     72.8510	     21.1172
     72.9510	     21.0586
     73.0510	     20.9766
     73.1510	     20.9023
     73.2511	     20.8359
     73.3513	     20.7617
     73.4510	     20.6836
     73.5511	     20.6094
     73.6510	     20.5586
     73.7509	     20.5859
     73.8511	     20.6953
     73.9510	     20.8438
     74.0510	     20.9883
     74.1511	     21.1289
     74.2510	     21.2734
     74.3510	     21.4219
     74.4511	     21.5547
     74.5510	     21.6758
     74.6511	     21.7891
     74.7511	     21.9023
     74.8511	     22.0156
     74.9511	     22.1250
     75.0512	     22.2188
     75.1510	     22.3086
     75.2511	     22.4023
     75.3512	     22.4961
     75.4511	     22.5898
     75.5511	     22.6641
     75.6513	     22.7266
     75.7511	     22.7930
     75.8512	     22.8633
     75.9516	     22.9492
     76.0512	     23.0469
     76.1512	     23.1719
     76.2513	     23.3555
     76.3512	     23.6133
     76.4512	     23.9453
     76.5513	     24.3438
     76.6512	     24.7422
     76.7515	     25.0859
     76.8517	     25.2969
     76.9512	     25.3438
     77.0513	     25.2852
     77.1514	     25.2461
     77.2514	     25.2578
     77.3512	     25.2344
     77.4512	     25.2070
     77.5514	     25.1875
     77.6515	     25.1914
     77.7518	     25.2344
     77.8513	     25.3242
     77.9513	     25.4883
     78.0514	     25.7539
     78.1513	     26.1367
     78.2514	     26.6602
     78.3515	     27.2813
     78.4514	     27.9297
     78.5517	     28.5508
     78.6516	     29.1406
     78.7514	     29.6953
     78.8514	     30.2188
     78.9518	     30.7500
     79.0517	     31.2852
     79.1517	     31.8047
     79.2516	     32.2539
     79.3514	     32.5742
     79.4515	     32.7227
     79.5516	     32.6836
     79.6518	     32.5586
     79.7515	     32.4688
     79.8519	     32.4336
     79.9515	     32.4180
     80.0513	     32.4141
     80.1519	     32.3984
     80.2514	     32.3594
     80.3516	     32.3086
     80.4520	     32.2383
     80.5515	     32.1758
     80.6515	     32.1445
     80.7518	     32.1289
     80.8519	     32.0586
     80.9517	     31.9922
     81.0518	     31.9414
     81.1520	     31.8906
     81.2515	     31.8281
     81.3518	     31.7500
     81.4514	     31.6602
     81.5517	     31.5742
     81.6519	     31.4688
     81.7518	     31.3281
     81.8521	     31.1602
     81.9519	     30.9883
     82.0521	     30.8281
     82.1518	     30.6797
     82.2517	     30.5352
     82.3518	     30.4180
     82.4516	     30.3320
     82.5519	     30.2266
     82.6516	     30.0938
     82.7519	     29.9531
     82.8520	     29.8164
     82.9518	     29.6836
     83.0519	     29.5508
     83.1520	     29.4297
     83.2519	     29.3477
     83.3519	     29.2734
     83.4523	     29.1914
     83.5519	     29.0898
     83.6520	     28.9805
     83.7521	     28.8672
     83.8519	     28.7578
     83.9519	     28.6484
     84.0521	     28.5586
     84.1517	     28.4844
     84.2520	     28.4297
     84.3520	     28.4180
     84.4520	     28.4375
     84.5520	     28.4375
     84.6521	     28.3867
     84.7519	     28.3164
     84.8520	     28.2539
     84.9521	     28.2148
     85.0519	     28.1953
     85.1520	     28.1992
     85.2521	     28.2188
     85.3520	     28.2695
     85.4520	     28.4023
     85.5521	     28.6328
     85.6520	     28.9023
     85.7520	     29.1914
     85.8522	     29.4648
     85.9520	     29.7266
     86.0521	     29.9688
     86.1522	     30.1875
     86.2521	     30.3906
     86.3521	     30.5898
     86.4522	     30.8047
     86.5521	     31.0508
     86.6522	     31.3047
     86.7522	     31.5547
     86.8521	     31.8008
     86.9521	     32.0781
     87.0522	     32.3906
     87.1521	     32.7227
     87.2522	     33.0508
     87.3523	     33.3867
     87.4522	     33.7266
     87.5522	     34.0742
     87.6523	     34.4102
     87.7522	     34.7617
     87.8523	     35.1172
     87.9523	     35.5195
     88.0522	     36.0000
     88.1525	     36.6055
     88.2524	     37.1719
     88.3522	     37.5742
     88.4523	     37.8984
     88.5526	     38.2344
     88.6523	     38.6016
     88.7523	     39.0039
     88.8524	     39.4375
     88.9526	     39.8906
     89.0526	     40.3789
     89.1527	     40.9063
     89.2527	     41.4688
     89.3523	     42.0508
     89.4525	     42.6250
     89.5523	     43.1602
     89.6527	     43.6445
     89.7525	     44.1055
     89.8527	     44.5703
     89.9524	     45.0352
     90.0525	     45.4922
     90.1524	     45.9336
     90.2528	     46.3789
     90.3525	     46.8242
     90.4524	     47.2422
     90.5527	     47.6523
     90.6526	     48.0313
     90.7524	     48.2734
     90.8528	     48.2969
     90.9526	     48.1094
     91.0525	     47.8828
     91.1525	     47.7227
     91.2527	     47.6367
     91.3526	     47.5898
     91.4525	     47.5586
     91.5527	     47.5742
     91.6525	     47.6133
     91.7529	     47.6328
     91.8527	     47.6289
     91.9526	     47.6055
     92.0527	     47.5664
     92.1527	     47.5391
     92.2530	     47.5156
     92.3526	     47.4727
     92.4528	     47.3984
     92.5527	     47.3047
     92.6526	     47.1758
     92.7528	     47.0430
     92.8525	     46.9023
     92.9526	     46.7734
     93.0529	     46.6641
     93.1527	     46.5703
     93.2528	     46.4961
     93.3529	     46.4180
     93.4526	     46.3242
     93.5526	     46.2266
     93.6527	     46.1406
     93.7528	     46.0859
     93.8526	     46.0430
     93.9529	     45.9883
     94.0526	     45.9219
     94.1529	     45.8398
     94.2529	     45.7500
     94.3526	     45.6758
     94.4529	     45.5977
     94.5529	     45.5352
     94.6528	     45.5000
     94.7529	     45.4883
     94.8530	     45.4648
     94.9529	     45.4023
     95.0529	     45.3164
     95.1530	     45.2109
     95.2529	     45.0938
     95.3529	     44.9531
     95.4530	     44.7852
     95.5530	     44.6211
     95.6530	     44.4609
     95.7530	     44.3008
     95.8530	     44.1211
     95.9530	     43.9297
     96.0531	     43.7500
     96.1528	     43.5898
     96.2531	     43.4375
     96.3531	     43.2930
     96.4531	     43.1602
     96.5530	     43.0195
     96.6530	     42.8672
     96.7531	     42.6836
     96.8531	     42.4766
     96.9530	     42.2656
     97.0531	     42.0938
     97.1531	     41.9453
     97.2532	     41.8203
     97.3531	     41.7070
     97.4532	     41.5898
     97.5532	     41.4414
     97.6532	     41.2656
     97.7532	     41.0938
     97.8533	     40.9492
     97.9532	     40.8477
     98.0532	     40.7461
     98.1533	     40.6523
     98.2532	     40.5586
     98.3533	     40.4766
     98.4533	     40.4023
     98.5533	     40.3125
     98.6533	     40.2266
     98.7533	     40.1367
     98.8533	     40.0430
     98.9533	     39.9414
     99.0533	     39.8359
     99.1533	     39.7031
     99.2533	     39.5430
     99.3534	     39.3594
     99.4534	     39.1641
     99.5534	     38.9648
     99.6534	     38.7461
     99.7534	     38.5078
     99.8534	     38.2734
     99.9534	     38.0508
    100.0534	     37.8359
    100.1534	     37.6289
    100.2534	     37.4609
    100.3534	     37.3359
    100.4534	     37.3125
    100.5535	     37.4219
    100.6535	     37.5742
    100.7535	     37.7227
    100.8535	     37.8438
    100.9535	     37.9883
    101.0536	     38.1758
    101.1535	     38.3047
    101.2535	     38.3398
    101.3536	     38.3047
    101.4535	     38.2773
    101.5535	     38.2578
    101.6536	     38.2695
    101.7536	     38.3477
    101.8536	     38.4961
    101.9536	     38.6914
    102.0536	     38.8438
    102.1536	     38.9258
    102.2537	     38.9766
    102.3537	     39.0313
    102.4536	     39.1211
    102.5537	     39.2578
    102.6537	     39.3867
    102.7537	     39.4648
    102.8537	     39.5469
    102.9537	     39.7031
    103.0537	     39.8672
    103.1537	     39.9766
    103.2537	     40.0234
    103.3537	     40.0273
    103.4537	     39.9844
    103.5538	     39.9102
    103.6537	     39.7656
    103.7538	     39.5859
    103.8538	     39.4023
    103.9538	     39.2422
    104.0538	     39.1211
    104.1538	     39.0508
    104.2538	     39.0039
    104.3538	     38.9805
    104.4538	     38.9492
    104.5538	     38.8789
    104.6538	     38.7773
    104.7539	     38.6992
    104.8538	     38.6211
    104.9539	     38.5273
    105.0539	     38.4453
    105.1539	     38.3633
    105.2539	     38.3008
    105.3539	     38.2695
    105.4539	     38.3242
    105.5539	     38.4023
    105.6539	     38.5156
    105.7539	     38.6172
    105.8539	     38.7539
    105.9540	     38.9805
    106.0540	     39.2578
    106.1540	     39.5078
    106.2540	     39.7188
    106.3540	     39.9453
    106.4540	     40.1445
    106.5540	     40.3477
    106.6540	     40.5508
    106.7540	     40.7891
    106.8540	     41.0703
    106.9540	     41.3906
    107.0541	     41.7109
    107.1541	     42.0195
    107.2541	     42.3398
    107.3541	     42.6719
    107.4544	     43.0547
    107.5542	     43.4570
    107.6541	     43.8711
    107.7542	     44.2852
    107.8542	     44.6641
    107.9542	     45.0156
    108.0542	     45.3750
    108.1542	     45.7383
    108.2542	     46.1016
    108.3542	     46.4688
    108.4542	     46.8594
    108.5542	     47.2422
    108.6542	     47.5820
    108.7542	     47.9023
    108.8542	     48.2148
    108.9542	     48.5234
    109.0542	     48.8281
    109.1543	     49.1367
    109.2543	     49.4258
    109.3543	     49.6953
    109.4543	     49.9609
    109.5543	     50.2266
    109.6543	     50.4961
    109.7543	     50.7617
    109.8543	     51.0078
    109.9543	     51.2031
    110.0543	     51.2578
    110.1543	     51.1602
    110.2543	     50.9375
    110.3543	     50.6680
    110.4543	     50.3789
    110.5545	     50.1914
    110.6544	     50.1055
    110.7547	     50.0625
    110.8544	     49.9961
    110.9543	     49.9219
    111.0545	     49.8398
    111.1544	     49.7422
    111.2544	     49.6484
    111.3544	     49.6211
    111.4544	     49.7031
    111.5544	     49.7500
    111.6547	     49.7578
    111.7544	     49.7188
    111.8544	     49.6563
    111.9545	     49.5664
    112.0541	     49.4844
    112.1545	     49.4180
    112.2545	     49.3594
    112.3545	     49.2734
    112.4544	     49.1445
    112.5545	     49.0508
    112.6546	     48.9492
    112.7545	     48.8477
    112.8546	     48.7500
    112.9545	     48.6523
    113.0545	     48.5625
    113.1545	     48.4648
    113.2545	     48.3555
    113.3546	     48.2422
    113.4549	     48.1250
    113.5546	     47.9922
    113.6546	     47.8516
    113.7546	     47.7227
    113.8546	     47.5742
    113.9546	     47.3789
    114.0546	     47.1563
    114.1546	     46.9453
    114.2546	     46.7578
    114.3547	     46.5859
    114.4546	     46.4063
    114.5546	     46.2305
    114.6544	     46.0508
    114.7547	     45.8711
    114.8547	     45.6914
    114.9547	     45.5195
    115.0547	     45.3359
    115.1547	     45.1602
    115.2548	     44.9961
    115.3547	     44.8242
    115.4547	     44.6484
    115.5548	     44.4453
    115.6548	     44.2188
    115.7544	     44.0039
    115.8548	     43.8438
    115.9545	     43.7305
    116.0548	     43.6406
    116.1548	     43.5469
    116.2545	     43.4219
    116.3545	     43.2656
    116.4549	     43.1172
    116.5545	     42.9844
    116.6546	     42.8477
    116.7549	     42.7070
    116.8548	     42.5781
    116.9545	     42.4375
    117.0550	     42.2578
    117.1546	     42.0430
    117.2546	     41.8320
    117.3550	     41.6602
    117.4546	     41.5430
    117.5546	     41.5078
    117.6550	     41.5156
    117.7546	     41.5039
    117.8550	     41.4414
    117.9550	     41.3398
    118.0547	     41.2344
    118.1549	     41.1563
    118.2550	     41.0938
    118.3547	     41.0313
    118.4549	     40.9609
    118.5550	     40.8789
    118.6547	     40.7969
    118.7547	     40.7227
    118.8546	     40.6484
    118.9550	     40.5781
    119.0547	     40.5000
    119.1547	     40.3789
    119.2550	     40.2266
    119.3551	     40.0781
    119.4552	     39.9453
    119.5550	     39.8320
    119.6548	     39.7188
    119.7552	     39.5703
    119.8548	     39.4141
    119.9553	     39.2578
    120.0547	     39.0820
    120.1554	     38.9141
    120.2548	     38.7656
    120.3552	     38.6172
    120.4549	     38.4570
    120.5552	     38.2813
    120.6550	     38.1016
    120.7552	     37.9258
    120.8552	     37.7266
    120.9548	     37.5156
    121.0551	     37.3086
    121.1551	     37.1055
    121.2550	     36.9258
    121.3552	     36.7734
    121.4552	     36.6875
    121.5550	     36.6641
    121.6550	     36.6563
    121.7550	     36.6797
    121.8551	     36.7539
    121.9549	     36.8242
    122.0549	     36.8359
    122.1551	     36.8594
    122.2550	     37.0156
    122.3549	     37.1992
    122.4554	     37.3789
    122.5550	     37.5117
    122.6550	     37.6172
    122.7554	     37.7227
    122.8550	     37.8281
    122.9550	     38.0234
    123.0554	     38.3008
    123.1550	     38.6172
    123.2551	     38.9609
    123.3554	     39.3008
    123.4550	     39.6328
    123.5553	     39.9727
    123.6552	     40.3086
    123.7553	     40.6602
    123.8551	     41.0273
    123.9552	     41.3750
    124.0554	     41.6914
    124.1554	     42.0352
    124.2552	     42.3945
    124.3551	     42.7461
    124.4551	     43.0977
    124.5555	     43.4414
    124.6552	     43.7852
    124.7551	     44.0977
    124.8556	     44.3594
    124.9552	     44.5508
    125.0552	     44.6797
    125.1555	     44.7695
    125.2552	     44.8281
    125.3557	     44.8633
    125.4556	     44.8828
    125.5557	     44.9023
    125.6553	     44.9375
    125.7556	     44.9531
    125.8554	     44.8906
    125.9553	     44.7500
    126.0557	     44.6133
    126.1556	     44.4609
    126.2557	     44.3164
    126.3552	     44.1836
    126.4557	     44.0352
    126.5557	     43.8750
    126.6555	     43.7148
    126.7557	     43.5469
    126.8553	     43.3672
    126.9558	     43.1992
    127.0555	     43.0273
    127.1557	     42.8477
    127.2558	     42.6758
    127.3558	     42.5039
    127.4557	     42.3438
    127.5558	     42.2188
    127.6555	     42.1055
    127.7558	     41.9766
    127.8559	     41.8320
    127.9553	     41.6797
    128.0558	     41.4961
    128.1556	     41.2813
    128.2556	     41.0234
    128.3555	     40.7031
    128.4559	     40.3086
    128.5555	     39.8242
    128.6556	     39.2852
    128.7559	     38.7070
    128.8556	     38.1328
    128.9559	     37.5977
    129.0554	     37.0977
    129.1556	     36.6172
    129.2559	     36.1641
    129.3560	     35.7539
    129.4556	     35.3711
    129.5554	     35.0117
    129.6560	     34.7109
    129.7560	     34.4766
    129.8560	     34.2930
    129.9561	     34.1484
    130.0560	     34.0430
    130.1557	     33.9648
    130.2561	     33.8906
    130.3560	     33.8008
    130.4560	     33.6992
    130.5556	     33.6133
    130.6558	     33.5117
    130.7558	     33.3906
    130.8559	     33.2305
    130.9558	     33.0547
    131.0561	     32.8672
    131.1560	     32.6523
    131.2563	     32.4141
    131.3561	     32.1602
    131.4560	     31.8867
    131.5561	     31.6016
    131.6559	     31.3281
    131.7561	     31.0820
    131.8560	     30.8477
    131.9562	     30.6211
    132.0563	     30.4219
    132.1563	     30.2656
    132.2562	     30.1445
    132.3558	     30.0313
    132.4560	     29.9219
    132.5562	     29.8086
    132.6563	     29.6914
    132.7562	     29.5820
    132.8563	     29.4766
    132.9561	     29.3789
    133.0563	     29.3008
    133.1562	     29.2617
    133.2564	     29.2969
    133.3562	     29.3516
    133.4559	     29.3945
    133.5563	     29.4219
    133.6563	     29.4609
    133.7560	     29.4961
    133.8563	     29.5391
    133.9562	     29.5898
    134.0563	     29.6445
    134.1563	     29.7109
    134.2560	     29.7813
    134.3563	     29.8555
    134.4565	     29.9258
    134.5563	     29.9531
    134.6563	     29.9219
    134.7564	     29.8359
    134.8564	     29.7148
    134.9564	     29.5781
    135.0563	     29.4375
    135.1564	     29.3164
    135.2563	     29.2344
    135.3565	     29.2305
    135.4565	     29.3164
    135.5564	     29.4766
    135.6565	     29.6445
    135.7564	     29.7891
    135.8562	     29.9063
    135.9565	     30.0000
    136.0564	     30.0977
    136.1565	     30.2031
    136.2566	     30.3164
    136.3565	     30.4336
    136.4562	     30.5508
    136.5566	     30.6680
    136.6565	     30.8125
    136.7565	     31.0039
    136.8566	     31.2031
    136.9565	     31.4063
    137.0565	     31.6523
    137.1566	     31.9336
    137.2566	     32.2461
    137.3563	     32.5547
    137.4567	     32.8438
    137.5565	     33.1094
    137.6563	     33.3477
    137.7567	     33.5703
    137.8566	     33.7891
    137.9566	     34.0117
    138.0567	     34.2305
    138.1566	     34.4258
    138.2564	     34.6211
    138.3567	     34.8320
    138.4564	     35.0352
    138.5566	     35.2266
    138.6568	     35.4023
    138.7564	     35.5703
    138.8564	     35.7383
    138.9567	     35.9180
    139.0567	     36.0938
    139.1567	     36.2344
    139.2568	     36.3320
    139.3567	     36.3945
    139.4565	     36.4180
    139.5568	     36.3867
    139.6568	     36.2930
    139.7568	     36.1641
    139.8570	     36.0625
    139.9568	     35.9688
    140.0569	     35.8359
    140.1569	     35.6680
    140.2569	     35.4805
    140.3569	     35.2969
    140.4570	     35.1289
    140.5569	     34.9766
    140.6569	     34.8281
    140.7570	     34.6758
    140.8570	     34.5156
    140.9567	     34.3438
    141.0570	     34.1719
    141.1569	     33.9961
    141.2570	     33.8242
    141.3570	     33.6602
    141.4567	     33.4961
    141.5570	     33.3320
    141.6571	     33.1797
    141.7571	     33.0352
    141.8568	     32.8945
    141.9571	     32.7578
    142.0571	     32.6172
    142.1570	     32.4922
    142.2572	     32.3633
    142.3568	     32.2266
    142.4571	     32.0820
    142.5572	     31.9219
    142.6571	     31.7383
    142.7571	     31.5234
    142.8572	     31.2500
    142.9571	     30.8984
    143.0570	     30.4648
    143.1568	     29.9766
    143.2568	     29.4609
    143.3571	     28.9102
    143.4569	     28.3242
    143.5567	     27.7031
    143.6567	     27.0664
    143.7572	     26.4336
    143.8568	     25.8164
    143.9567	     25.2266
    144.0568	     24.6563
    144.1567	     24.0977
    144.2568	     23.5469
    144.3576	     22.9531
    144.4568	     22.3047
    144.5571	     21.6445
    144.6574	     21.0664
    144.7573	     20.6172
    144.8574	     20.2930
    144.9575	     20.0664
    145.0574	     19.8906
    145.1574	     19.7617
    145.2575	     19.6641
    145.3574	     19.6133
    145.4569	     19.5859
    145.5575	     19.5469
    145.6575	     19.5234
    145.7574	     19.5273
    145.8575	     19.5703
    145.9574	     19.6758
    146.0574	     19.8633
    146.1575	     20.1484
    146.2574	     20.4844
    146.3574	     20.8281
    146.4575	     21.1719
    146.5574	     21.5039
    146.6575	     21.8320
    146.7576	     22.1523
    146.8575	     22.4727
    146.9575	     22.7773
    147.0576	     23.0000
    147.1575	     23.0742
    147.2575	     23.0469
    147.3575	     23.0078
    147.4576	     22.9961
    147.5576	     22.9844
    147.6577	     22.9688
    147.7577	     22.9492
    147.8571	     22.9219
    147.9577	     22.8750
    148.0576	     22.8125
    148.1576	     22.7383
    148.2578	     22.6094
    148.3571	     22.4297
    148.4577	     22.2578
    148.5572	     22.1055
    148.6577	     21.9531
    148.7577	     21.8008
    148.8578	     21.6367
    148.9577	     21.4688
    149.0577	     21.3047
    149.1577	     21.1445
    149.2574	     20.9805
    149.3574	     20.8242
    149.4578	     20.6836
    149.5571	     20.5664
    149.6574	     20.4648
    149.7576	     20.3711
    149.8577	     20.2734
    149.9575	     20.1680
    150.0575	     20.0430
    150.1574	     19.8750
    150.2575	     19.6523
    150.3575	     19.3867
    150.4574	     19.0859
    150.5573	     18.7617
    150.6575	     18.4102
    150.7573	     18.0195
    150.8574	     17.5625
    150.9574	     17.0586
    151.0573	     16.5391
    151.1573	     16.0234
    151.2576	     15.5195
    151.3575	     15.0469
    151.4582	     14.6250
    151.5580	     14.2813
    151.6580	     14.0313
    151.7580	     13.8516
    151.8576	     13.7227
    151.9575	     13.6055
    152.0580	     13.5000
    152.1581	     13.3945
    152.2575	     13.3008
    152.3580	     13.1992
    152.4579	     13.0898
    152.5577	     12.9609
    152.6581	     12.8086
    152.7577	     12.6484
    152.8576	     12.4883
    152.9578	     12.3359
    153.0582	     12.1992
    153.1578	     12.0586
    153.2579	     11.8945
    153.3582	     11.6992
    153.4578	     11.5156
    153.5578	     11.3672
    153.6583	     11.2617
    153.7577	     11.1406
    153.8578	     10.9922
    153.9579	     10.8516
    154.0579	     10.7734
    154.1578	     10.7617
    154.2580	     10.8008
    154.3578	     10.8789
    154.4579	     11.0000
    154.5580	     11.1992
    154.6579	     11.5352
    154.7579	     11.9922
    154.8580	     12.4961
    154.9579	     12.9609
    155.0579	     13.3203
    155.1580	     13.5391
    155.2579	     13.6172
    155.3579	     13.5586
    155.4580	     13.4063
    155.5580	     13.2227
    155.6581	     13.0469
    155.7582	     12.8906
    155.8581	     12.7695
    155.9581	     12.6797
    156.0582	     12.6211
    156.1581	     12.5820
    156.2581	     12.5938
    156.3582	     12.7031
    156.4580	     12.9219
    156.5581	     13.2383
    156.6582	     13.6055
    156.7581	     13.9727
    156.8581	     14.3008
    156.9582	     14.5820
    157.0581	     14.8477
    157.1581	     15.1055
    157.2582	     15.3555
    157.3581	     15.5898
    157.4581	     15.8047
    157.5582	     16.0195
    157.6582	     16.2461
    157.7582	     16.4766
    157.8583	     16.7148
    157.9582	     16.9609
    158.0582	     17.2188
    158.1583	     17.5703
    158.2582	     18.0586
    158.3582	     18.5742
    158.4583	     18.9766
    158.5582	     19.1797
    158.6583	     19.2070
    158.7583	     19.1563
    158.8583	     19.1016
    158.9583	     19.0781
    159.0584	     19.1094
    159.1583	     19.1758
    159.2583	     19.2148
    159.3584	     19.2109
    159.4583	     19.1875
    159.5583	     19.1641
    159.6584	     19.1367
    159.7584	     19.0977
    159.8584	     19.0391
    159.9584	     18.9766
    160.0584	     18.9023
    160.1584	     18.8203
    160.2585	     18.7266
    160.3583	     18.6367
    160.4584	     18.5508
    160.5585	     18.4648
    160.6584	     18.3633
    160.7585	     18.2461
    160.8585	     18.1289
    160.9584	     18.0391
    161.0584	     17.9883
    161.1586	     17.9805
    161.2585	     18.0039
    161.3585	     18.0508
    161.4586	     18.1055
    161.5584	     18.1641
    161.6585	     18.2266
    161.7586	     18.2891
    161.8585	     18.3633
    161.9585	     18.4727
    162.0586	     18.6367
    162.1585	     18.8711
    162.2586	     19.1484
    162.3586	     19.4648
    162.4585	     19.8203
    162.5586	     20.1875
    162.6587	     20.5469
    162.7586	     20.9063
    162.8586	     21.2813
    162.9587	     21.6992
    163.0586	     22.1445
    163.1586	     22.5586
    163.2587	     22.8555
    163.3586	     22.9688
    163.4587	     22.9453
    163.5588	     22.8711
    163.6587	     22.7734
    163.7588	     22.7188
    163.8589	     22.7188
    163.9587	     22.7148
    164.0588	     22.6758
    164.1589	     22.5977
    164.2589	     22.4727
    164.3588	     22.3125
    164.4589	     22.1367
    164.5588	     21.9688
    164.6589	     21.8359
    164.7590	     21.7383
    164.8588	     21.6914
    164.9588	     21.7422
    165.0589	     21.9414
    165.1588	     22.2578
    165.2589	     22.6484
    165.3589	     23.0352
    165.4588	     23.3008
    165.5588	     23.3789
    165.6590	     23.2266
    165.7589	     22.8672
    165.8590	     22.3867
    165.9590	     21.8320
    166.0589	     21.2734
    166.1590	     20.7734
    166.2591	     20.3203
    166.3590	     19.9180
    166.4588	     19.5625
    166.5591	     19.2500
    166.6590	     18.9922
    166.7590	     18.8125
    166.8591	     18.7148
    166.9590	     18.6797
    167.0591	     18.6914
    167.1591	     18.7852
    167.2590	     19.0977
    167.3590	     19.7266
    167.4591	     20.6836
    167.5590	     21.9531
    167.6591	     23.3984
    167.7591	     24.8164
    167.8591	     26.0078
    167.9591	     26.9102
    168.0592	     27.4258
    168.1591	     27.5117
    168.2591	     27.0156
    168.3591	     26.0352
    168.4592	     24.7266
    168.5590	     23.3672
    168.6593	     22.2227
    168.7590	     21.4414
    168.8590	     21.0078
    168.9592	     20.7969
    169.0592	     20.6797
    169.1592	     20.5664
    169.2593	     20.4922
    169.3592	     20.5039
    169.4592	     20.6133
    169.5593	     20.7969
    169.6592	     20.9805
    169.7593	     21.1094
    169.8593	     21.1758
    169.9592	     21.2070
    170.0592	     21.2305
    170.1593	     21.2734
    170.2593	     21.3789
    170.3593	     21.5703
    170.4594	     21.8477
    170.5593	     22.1914
    170.6593	     22.5781
    170.7594	     22.9961
    170.8593	     23.4297
    170.9594	     23.8633
    171.0594	     24.2695
    171.1593	     24.6289
    171.2594	     24.9414
    171.3594	     25.2266
    171.4593	     25.4766
    171.5594	     25.6758
    171.6595	     25.7930
    171.7594	     25.7656
    171.8594	     25.6094
    171.9595	     25.4141
    172.0595	     25.2617
    172.1592	     25.1602
    172.2594	     24.9883
    172.3595	     24.7656
    172.4595	     24.5273
    172.5596	     24.3125
    172.6596	     24.1094
    172.7596	     23.9453
    172.8597	     23.8672
    172.9595	     23.9063
    173.0595	     24.0391
    173.1596	     24.2148
    173.2596	     24.3789
    173.3595	     24.5117
    173.4596	     24.6367
    173.5595	     24.7734
    173.6596	     24.8750
    173.7598	     24.8945
    173.8597	     24.8203
    173.9595	     24.6719
    174.0598	     24.4922
    174.1596	     24.2773
    174.2597	     23.8945
    174.3598	     23.2969
    174.4597	     22.5742
    174.5597	     21.8203
    174.6598	     21.1211
    174.7598	     20.5117
    174.8597	     20.0195
    174.9598	     19.6641
    175.0597	     19.4063
    175.1598	     19.1992
    175.2597	     19.0117
    175.3598	     18.8281
    175.4596	     18.6289
    175.5599	     18.4180
    175.6598	     18.1992
    175.7599	     18.0117
    175.8599	     17.8828
    175.9598	     17.8164
    176.0598	     17.8086
    176.1598	     17.8242
    176.2598	     17.8711
    176.3598	     17.9453
    176.4599	     18.0391
    176.5598	     18.1445
    176.6598	     18.2383
    176.7600	     18.3203
    176.8599	     18.4023
    176.9598	     18.4805
    177.0599	     18.5547
    177.1598	     18.6289
    177.2599	     18.7148
    177.3600	     18.8164
    177.4599	     18.9336
    177.5599	     19.0898
    177.6600	     19.2773
    177.7600	     19.4922
    177.8600	     19.7227
    177.9600	     19.9609
    178.0599	     20.2031
    178.1599	     20.4492
    178.2601	     20.6875
    178.3600	     20.9023
    178.4600	     21.0977
    178.5601	     21.2734
    178.6600	     21.4336
    178.7601	     21.5820
    178.8601	     21.6875
    178.9600	     21.7148
    179.0599	     21.6758
    179.1600	     21.6406
    179.2602	     21.6406
    179.3599	     21.6523
    179.4602	     21.6445
    179.5602	     21.6055
    179.6602	     21.5430
    179.7603	     21.4688
    179.8602	     21.3945
    179.9602	     21.3125
    180.0603	     21.2148
    180.1602	     21.1055
    180.2603	     20.9766
    180.3603	     20.8477
    180.4602	     20.7461
    180.5603	     20.6875
    180.6603	     20.6172
    180.7602	     20.5078
    180.8602	     20.3828
    180.9603	     20.2617
    181.0603	     20.1484
    181.1603	     20.0508
    181.2604	     19.9648
    181.3603	     19.8828
    181.4603	     19.8047
    181.5603	     19.7227
    181.6604	     19.6406
    181.7603	     19.5508
    181.8604	     19.4375
    181.9603	     19.3047
    182.0603	     19.1758
    182.1604	     19.0742
    182.2603	     19.0156
    182.3603	     18.9961
    182.4604	     19.0313
    182.5604	     19.1016
    182.6604	     19.1758
    182.7605	     19.2422
    182.8604	     19.3398
    182.9604	     19.5234
    183.0605	     19.8555
    183.1604	     20.3398
    183.2604	     20.9531
    183.3605	     21.6445
    183.4604	     22.3477
    183.5604	     22.9844
    183.6606	     23.5117
    183.7603	     23.9375
    183.8606	     24.2852
    183.9606	     24.6016
    184.0605	     24.7969
    184.1605	     24.8320
    184.2607	     24.7188
    184.3604	     24.4492
    184.4606	     24.0039
    184.5607	     23.3633
    184.6606	     22.6641
    184.7607	     22.0547
    184.8607	     21.6094
    184.9606	     21.3477
    185.0606	     21.2500
    185.1607	     21.2734
    185.2606	     21.3477
    185.3606	     21.4023
    185.4607	     21.4023
    185.5606	     21.3359
    185.6606	     21.1836
    185.7607	     21.0078
    185.8607	     20.9102
    185.9606	     20.9766
    186.0607	     21.2227
    186.1606	     21.5859
    186.2607	     21.9766
    186.3608	     22.3594
    186.4607	     22.7383
    186.5607	     23.1172
    186.6608	     23.4922
    186.7608	     23.8633
    186.8607	     24.2266
    186.9608	     24.5742
    187.0608	     24.8906
    187.1607	     25.1836
    187.2609	     25.4492
    187.3608	     25.6992
    187.4608	     25.8945
    187.5609	     25.9492
    187.6608	     25.8398
    187.7609	     25.6719
    187.8609	     25.5508
    187.9609	     25.4766
    188.0609	     25.3477
    188.1610	     25.2148
    188.2610	     25.1055
    188.3609	     25.0391
    188.4610	     25.0039
    188.5610	     24.9727
    188.6610	     24.9219
    188.7611	     24.8242
    188.8610	     24.6719
    188.9608	     24.4648
    189.0611	     24.2227
    189.1608	     23.9492
    189.2611	     23.6367
    189.3611	     23.2891
    189.4611	     22.9141
    189.5610	     22.4609
    189.6612	     21.9336
    189.7611	     21.3633
    189.8611	     20.7773
    189.9612	     20.2109
    190.0611	     19.7031
    190.1611	     19.2695
    190.2612	     18.9063
    190.3611	     18.6367
    190.4611	     18.4727
    190.5610	     18.3789
    190.6611	     18.3164
    190.7612	     18.2500
    190.8613	     18.1523
    190.9612	     18.0000
    191.0609	     17.8047
    191.1613	     17.5898
    191.2612	     17.3633
    191.3612	     17.1602
    191.4613	     16.9922
    191.5612	     16.8633
    191.6613	     16.7813
    191.7613	     16.7227
    191.8611	     16.6563
    191.9612	     16.5820
    192.0614	     16.5078
    192.1611	     16.4414
    192.2611	     16.3906
    192.3614	     16.3672
    192.4612	     16.3672
    192.5613	     16.3906
    192.6614	     16.4219
    192.7613	     16.4375
    192.8613	     16.4492
    192.9614	     16.4883
    193.0613	     16.5977
    193.1613	     16.7891
    193.2614	     17.0469
    193.3613	     17.3516
    193.4614	     17.7109
    193.5614	     18.1094
    193.6614	     18.5391
    193.7614	     18.9922
    193.8614	     19.4727
    193.9614	     19.9688
    194.0614	     20.4570
    194.1615	     20.9297
    194.2614	     21.3828
    194.3614	     21.7461
    194.4615	     21.9219
    194.5614	     21.9258
    194.6615	     21.8789
    194.7615	     21.8867
    194.8615	     21.9609
    194.9616	     22.0391
    195.0616	     22.0977
    195.1616	     22.1406
    195.2616	     22.1680
    195.3617	     22.1875
    195.4615	     22.2266
    195.5615	     22.2930
    195.6616	     22.4141
    195.7615	     22.6445
    195.8615	     22.9922
    195.9616	     23.4570
    196.0615	     24.0078
    196.1616	     24.6055
    196.2617	     25.1719
    196.3616	     25.6680
    196.4616	     26.1094
    196.5617	     26.5313
    196.6616	     26.9453
    196.7617	     27.3438
    196.8617	     27.7109
    196.9616	     28.0117
    197.0616	     28.2266
    197.1617	     28.3594
    197.2617	     28.4180
    197.3617	     28.4219
    197.4617	     28.4063
    197.5617	     28.3320
    197.6617	     28.2031
    197.7619	     28.0977
    197.8618	     28.0469
    197.9618	     28.0547
    198.0618	     28.0195
    198.1618	     27.9531
    198.2618	     27.9023
    198.3619	     27.8594
    198.4618	     27.8008
    198.5618	     27.7031
    198.6620	     27.5391
    198.7619	     27.3477
    198.8619	     27.1719
    198.9620	     27.0156
    199.0619	     26.8711
    199.1617	     26.7266
    199.2620	     26.5742
    199.3619	     26.4102
    199.4619	     26.2422
    199.5618	     26.0938
    199.6620	     25.9570
    199.7618	     25.8242
    199.8621	     25.6914
    199.9620	     25.5508
    200.0620	     25.4063
    200.1621	     25.2813
    200.2621	     25.1719
    200.3618	     25.0820
    200.4621	     25.0039
    200.5620	     24.9297
    200.6621	     24.8672
    200.7621	     24.8086
    200.8621	     24.7422
    200.9621	     24.6875
    201.0622	     24.6484
    201.1620	     24.6172
    201.2621	     24.5742
    201.3622	     24.4766
    201.4618	     24.3047
    201.5619	     24.0898
    201.6620	     23.8672
    201.7621	     23.6484
    201.8622	     23.4297
    201.9622	     23.2227
    202.0621	     23.0313
    202.1622	     22.8477
    202.2623	     22.6641
    202.3622	     22.4805
    202.4622	     22.2930
    202.5621	     22.1133
    202.6622	     21.9336
    202.7622	     21.7578
    202.8623	     21.5742
    202.9622	     21.3867
    203.0622	     21.2109
    203.1623	     21.0391
    203.2620	     20.8633
    203.3623	     20.7031
    203.4623	     20.5898
    203.5623	     20.5156
    203.6623	     20.4492
    203.7624	     20.3789
    203.8621	     20.3047
    203.9624	     20.2305
    204.0624	     20.1484
    204.1621	     20.0586
    204.2627	     19.9414
    204.3624	     19.7930
    204.4624	     19.6328
    204.5622	     19.4727
    204.6625	     19.3203
    204.7624	     19.1719
    204.8624	     19.0156
    204.9625	     18.8516
    205.0624	     18.6875
    205.1624	     18.5273
    205.2626	     18.3750
    205.3624	     18.2148
    205.4624	     18.0508
    205.5623	     17.8789
    205.6625	     17.7031
    205.7625	     17.5273
    205.8626	     17.3438
    205.9625	     17.1445
    206.0625	     16.9336
    206.1624	     16.7305
    206.2626	     16.5352
    206.3626	     16.3555
    206.4626	     16.1992
    206.5623	     16.0664
    206.6626	     15.9531
    206.7627	     15.8516
    206.8627	     15.7578
    206.9626	     15.6719
    207.0627	     15.5703
    207.1626	     15.4414
    207.2625	     15.3047
    207.3627	     15.1758
    207.4626	     15.0352
    207.5627	     14.8594
    207.6625	     14.6289
    207.7627	     14.3789
    207.8626	     14.1523
    207.9627	     13.9453
    208.0626	     13.7539
    208.1627	     13.5586
    208.2627	     13.3477
    208.3626	     13.1172
    208.4627	     12.8828
    208.5627	     12.6445
    208.6627	     12.4102
    208.7627	     12.1914
    208.8628	     11.9922
    208.9627	     11.8047
    209.0627	     11.6250
    209.1628	     11.4453
    209.2628	     11.2734
    209.3627	     11.1094
    209.4627	     10.9570
    209.5627	     10.8086
    209.6627	     10.6641
    209.7629	     10.5234
    209.8627	     10.3867
    209.9627	     10.2422
    210.0628	     10.0898
    210.1627	      9.9336
    210.2628	      9.7813
    210.3627	      9.6289
    210.4627	      9.4766
    210.5627	      9.3164
    210.6627	      9.1406
    210.7627	      8.9531
    210.8627	      8.7461
    210.9627	      8.5156
    211.0627	      8.2539
    211.1627	      7.9727
    211.2628	      7.7031
    211.3627	      7.4531
    211.4627	      7.1992
    211.5628	      6.9375
    211.6627	      6.6758
    211.7628	      6.4102
    211.8629	      6.1211
    211.9627	      5.7773
    212.0627	      5.3828
    212.1628	      5.0352
    212.2628	      4.7852
    212.3627	      4.5586
    212.4628	      4.2188
    212.5627	      3.8008
    212.6628	      3.3555
