﻿Time_s      	WheelBasedVehicleSpd
      0.2418	      0.0000
      0.3419	      0.0000
      0.4419	      0.0000
      0.5419	      0.0000
      0.6419	      0.0000
      0.7420	      0.0000
      0.8419	      0.0000
      0.9420	      0.0000
      1.0420	      0.0000
      1.1420	      0.0000
      1.2420	      0.0000
      1.3421	      0.0000
      1.4420	      0.0000
      1.5420	      0.0000
      1.6421	      0.0000
      1.7420	      0.0000
      1.8420	      0.0000
      1.9422	      0.0000
      2.0420	      0.0000
      2.1420	      0.0000
      2.2421	      0.0000
      2.3420	      0.0000
      2.4420	      0.0000
      2.5421	      0.0000
      2.6420	      0.0000
      2.7421	      0.0000
      2.8421	      0.0000
      2.9421	      0.0000
      3.0420	      0.0000
      3.1421	      0.0000
      3.2421	      0.0000
      3.3421	      0.0000
      3.4421	      0.0000
      3.5421	      0.0000
      3.6421	      0.0000
      3.7422	      0.0000
      3.8421	      0.0000
      3.9422	      0.0000
      4.0422	      0.0000
      4.1422	      0.0000
      4.2422	      0.0000
      4.3422	      0.0000
      4.4422	      0.0000
      4.5422	      0.0000
      4.6422	      0.0000
      4.7422	      0.0000
      4.8422	      0.0000
      4.9423	      0.0000
      5.0422	      0.0000
      5.1422	      0.0000
      5.2423	      0.0000
      5.3422	      0.0000
      5.4422	      0.0000
      5.5423	      0.0000
      5.6422	      0.0000
      5.7423	      0.0000
      5.8423	      0.0000
      5.9423	      0.0000
      6.0423	      0.0000
      6.1424	      0.0000
      6.2423	      0.0000
      6.3423	      0.0000
      6.4424	      0.0000
      6.5423	      0.0000
      6.6423	      0.0000
      6.7424	      0.0000
      6.8423	      0.0000
      6.9424	      0.0000
      7.0424	      0.0000
      7.1424	      0.0000
      7.2424	      0.0000
      7.3425	      0.0000
      7.4424	      0.0000
      7.5424	      0.0000
      7.6425	      0.0000
      7.7424	      0.0000
      7.8425	      0.0000
      7.9425	      0.0000
      8.0424	      0.0000
      8.1425	      0.0000
      8.2426	      0.0000
      8.3425	      0.0000
      8.4425	      0.0000
      8.5426	      0.0000
      8.6425	      0.0000
      8.7425	      0.0000
      8.8426	      0.0000
      8.9426	      0.0000
      9.0425	      0.0000
      9.1426	      0.0000
      9.2426	      0.0000
      9.3426	      0.0000
      9.4426	      0.0000
      9.5426	      0.0000
      9.6426	      0.0000
      9.7427	      0.0000
      9.8426	      0.0000
      9.9426	      0.0000
     10.0427	      0.0000
     10.1426	      0.0000
     10.2427	      0.0000
     10.3427	      0.0000
     10.4427	      0.0000
     10.5427	      0.0000
     10.6427	      0.0000
     10.7427	      0.0000
     10.8427	      0.0000
     10.9428	      0.0000
     11.0427	      0.0000
     11.1427	      0.0000
     11.2428	      0.0000
     11.3427	      0.0000
     11.4428	      0.0000
     11.5428	      0.0000
     11.6428	      0.0000
     11.7428	      0.0000
     11.8429	      0.0000
     11.9428	      0.0000
     12.0428	      0.0000
     12.1429	      0.0000
     12.2428	      0.0000
     12.3428	      0.0000
     12.4429	      0.0000
     12.5428	      0.0000
     12.6429	      0.0000
     12.7429	      0.0000
     12.8429	      0.0000
     12.9429	      0.0000
     13.0430	      0.0000
     13.1429	      0.0000
     13.2429	      0.0000
     13.3430	      0.0000
     13.4429	      0.0000
     13.5429	      0.0000
     13.6430	      0.0000
     13.7429	      0.0000
     13.8430	      0.0000
     13.9431	      0.0000
     14.0430	      0.0000
     14.1430	      0.0000
     14.2431	      0.0000
     14.3430	      0.0000
     14.4430	      0.0000
     14.5431	      0.0000
     14.6430	      0.0000
     14.7431	      0.0000
     14.8431	      0.0000
     14.9431	      0.0000
     15.0431	      0.0000
     15.1431	      0.0000
     15.2431	      0.0000
     15.3431	      0.0000
     15.4432	      0.0000
     15.5431	      0.0000
     15.6431	      0.0000
     15.7432	      0.0000
     15.8431	      0.0000
     15.9432	      0.0000
     16.0432	      0.0000
     16.1432	      0.0000
     16.2432	      0.0000
     16.3433	      0.0000
     16.4432	      0.0000
     16.5432	      0.0000
     16.6433	      0.0000
     16.7432	      0.0000
     16.8432	      0.0000
     16.9433	      0.0000
     17.0432	      0.0000
     17.1433	      0.0000
     17.2433	      0.0000
     17.3433	      0.0000
     17.4433	      0.0000
     17.5433	      0.0000
     17.6433	      0.0000
     17.7433	      0.0000
     17.8434	      0.0000
     17.9433	      0.0000
     18.0433	      0.0000
     18.1434	      0.0000
     18.2433	      0.0000
     18.3434	      0.0000
     18.4434	      0.0000
     18.5434	      0.0000
     18.6434	      0.0000
     18.7434	      0.0000
     18.8434	      0.0000
     18.9435	      0.0000
     19.0435	      0.0000
     19.1434	      0.0000
     19.2435	      0.0000
     19.3435	      0.0000
     19.4434	      0.0000
     19.5435	      0.0000
     19.6435	      0.0000
     19.7435	      0.0000
     19.8435	      0.0000
     19.9436	      0.0000
     20.0435	      0.0000
     20.1435	      0.0000
     20.2436	      0.0000
     20.3435	      0.0000
     20.4435	      0.0000
     20.5436	      0.0000
     20.6435	      0.0000
     20.7436	      0.0000
     20.8436	      0.0000
     20.9436	      0.0000
     21.0436	      0.0000
     21.1437	      0.0000
     21.2436	      0.0000
     21.3436	      0.0000
     21.4437	      0.0000
     21.5436	      0.0000
     21.6436	      0.0000
     21.7437	      0.0000
     21.8437	      0.0000
     21.9437	      0.0000
     22.0437	      0.0000
     22.1437	      0.0000
     22.2437	      0.0000
     22.3438	      0.0000
     22.4437	      0.0000
     22.5437	      0.0000
     22.6438	      0.0000
     22.7437	      0.0000
     22.8437	      0.0000
     22.9438	      0.0000
     23.0437	      0.0000
     23.1438	      0.0000
     23.2438	      0.0000
     23.3438	      0.0000
     23.4438	      0.0000
     23.5439	      0.0000
     23.6438	      0.0000
     23.7438	      0.0000
     23.8439	      0.0000
     23.9439	      0.0000
     24.0439	      0.0000
     24.1439	      0.0000
     24.2439	      0.0000
     24.3439	      0.0000
     24.4440	      0.0000
     24.5439	      0.0000
     24.6439	      0.0000
     24.7440	      0.0000
     24.8439	      0.0000
     24.9439	      0.0000
     25.0440	      0.0000
     25.1439	      0.0000
     25.2440	      0.0000
     25.3440	      0.0000
     25.4440	      0.0000
     25.5440	      0.0000
     25.6441	      0.0000
     25.7440	      0.0000
     25.8440	      0.0000
     25.9441	      0.0000
     26.0440	      0.0000
     26.1440	      0.0000
     26.2441	      0.0000
     26.3441	      0.0000
     26.4441	      0.0000
     26.5441	      0.0000
     26.6441	      0.0000
     26.7441	      0.0000
     26.8442	      0.0000
     26.9441	      0.0000
     27.0441	      0.0000
     27.1442	      0.0000
     27.2441	      0.0000
     27.3442	      0.0000
     27.4442	      0.0000
     27.5441	      0.0000
     27.6442	      0.0000
     27.7443	      0.0000
     27.8442	      0.0000
     27.9442	      0.0000
     28.0443	      0.0000
     28.1442	      0.0000
     28.2442	      0.0000
     28.3443	      0.0000
     28.4442	      0.0000
     28.5443	      0.0000
     28.6443	      0.0000
     28.7443	      0.0000
     28.8443	      0.0000
     28.9444	      0.0000
     29.0443	      0.0000
     29.1444	      0.0000
     29.2444	      0.0000
     29.3443	      0.0000
     29.4443	      0.0000
     29.5444	      0.0000
     29.6443	      0.0000
     29.7444	      0.0000
     29.8444	      0.0000
     29.9444	      0.0000
     30.0444	      0.0000
     30.1445	      0.0000
     30.2444	      0.0000
     30.3444	      0.0000
     30.4444	      0.0000
     30.5444	      0.0000
     30.6444	      0.0000
     30.7445	      0.0000
     30.8444	      0.0000
     30.9445	      0.0000
     31.0445	      0.0000
     31.1445	      0.0000
     31.2445	      0.0000
     31.3445	      0.0000
     31.4445	      0.0000
     31.5445	      0.0000
     31.6446	      0.0000
     31.7445	      0.0000
     31.8445	      0.0000
     31.9446	      0.0000
     32.0445	      0.0000
     32.1446	      0.0000
     32.2446	      0.0000
     32.3446	      0.0000
     32.4446	      0.0000
     32.5447	      0.0000
     32.6446	      0.0000
     32.7446	      0.0000
     32.8447	      0.0000
     32.9447	      0.0000
     33.0446	      0.0000
     33.1448	      0.0000
     33.2447	      0.0000
     33.3447	      0.0000
     33.4447	      0.0000
     33.5447	      0.0000
     33.6447	      0.0000
     33.7448	      0.0000
     33.8447	      0.0000
     33.9448	      0.0000
     34.0448	      0.0000
     34.1448	      0.0000
     34.2448	      0.0000
     34.3448	      0.0000
     34.4448	      0.0000
     34.5448	      0.0000
     34.6448	      0.0000
     34.7448	      0.0000
     34.8448	      0.0000
     34.9449	      0.0000
     35.0448	      0.0000
     35.1449	      0.0000
     35.2449	      0.0000
     35.3448	      0.0000
     35.4449	      0.0000
     35.5449	      0.0000
     35.6449	      0.0000
     35.7449	      0.0000
     35.8450	      0.0000
     35.9449	      0.0000
     36.0449	      0.0000
     36.1450	      0.0000
     36.2449	      0.0000
     36.3450	      0.0000
     36.4450	      0.0000
     36.5449	      0.0000
     36.6450	      0.0000
     36.7450	      0.0000
     36.8450	      0.0000
     36.9450	      0.0000
     37.0451	      0.0000
     37.1450	      0.0000
     37.2450	      0.0000
     37.3451	      0.0000
     37.4450	      0.0000
     37.5450	      0.0000
     37.6451	      0.0000
     37.7450	      0.0000
     37.8451	      0.0000
     37.9452	      0.0000
     38.0451	      0.0000
     38.1451	      0.0000
     38.2452	      0.0000
     38.3451	      0.0000
     38.4451	      0.0000
     38.5452	      0.0000
     38.6451	      0.0000
     38.7452	      0.0000
     38.8452	      0.0000
     38.9452	      0.0000
     39.0452	      0.0000
     39.1453	      0.0000
     39.2452	      0.0000
     39.3452	      0.0000
     39.4453	      0.0000
     39.5452	      0.0000
     39.6452	      0.0000
     39.7453	      0.0000
     39.8452	      0.0000
     39.9453	      0.0000
     40.0453	      0.0000
     40.1453	      0.0000
     40.2453	      0.0000
     40.3454	      0.0000
     40.4453	      0.0000
     40.5453	      0.0000
     40.6454	      0.0000
     40.7453	      0.0000
     40.8453	      0.0000
     40.9454	      0.0000
     41.0453	      0.0000
     41.1454	      0.0000
     41.2454	      0.0000
     41.3454	      0.0000
     41.4454	      0.0000
     41.5455	      0.0000
     41.6454	      0.0000
     41.7454	      0.0000
     41.8455	      0.0000
     41.9455	      0.0000
     42.0455	      0.0000
     42.1455	      0.0000
     42.2454	      0.0000
     42.3455	      0.0000
     42.4455	      0.0000
     42.5455	      0.0000
     42.6455	      0.0000
     42.7456	      0.0000
     42.8455	      0.0000
     42.9456	      0.0000
     43.0456	      0.0000
     43.1455	      0.0000
     43.2456	      0.0000
     43.3456	      0.0000
     43.4455	      0.0000
     43.5456	      0.0000
     43.6456	      0.0000
     43.7456	      0.0000
     43.8456	      0.0000
     43.9458	      0.0000
     44.0456	      0.0000
     44.1457	      0.0000
     44.2457	      0.0000
     44.3456	      0.0000
     44.4457	      0.0000
     44.5457	      0.0000
     44.6456	      0.0000
     44.7457	      0.0000
     44.8457	      0.0000
     44.9458	      0.0000
     45.0457	      0.0000
     45.1458	      0.0000
     45.2457	      0.0000
     45.3457	      0.0000
     45.4458	      0.0000
     45.5457	      0.0000
     45.6457	      0.0000
     45.7458	      0.0000
     45.8457	      0.0000
     45.9459	      0.0000
     46.0458	      0.0000
     46.1458	      0.0000
     46.2458	      0.0000
     46.3459	      0.0000
     46.4458	      0.0000
     46.5458	      0.0000
     46.6459	      0.0000
     46.7458	      0.0000
     46.8459	      0.0000
     46.9460	      0.0000
     47.0459	      0.0000
     47.1459	      0.0000
     47.2460	      0.0000
     47.3459	      0.0000
     47.4459	      0.0000
     47.5460	      0.0000
     47.6459	      0.0000
     47.7460	      0.0000
     47.8460	      0.0000
     47.9460	      0.0000
     48.0459	      0.0000
     48.1461	      0.0000
     48.2460	      0.0000
     48.3460	      0.0000
     48.4461	      0.0000
     48.5460	      0.0000
     48.6460	      0.0000
     48.7461	      0.0000
     48.8460	      0.0000
     48.9461	      0.0000
     49.0461	      0.0000
     49.1461	      0.0000
     49.2461	      0.0000
     49.3461	      0.0000
     49.4461	      0.0000
     49.5461	      0.0000
     49.6461	      0.0000
     49.7461	      0.0000
     49.8461	      0.0000
     49.9462	      0.0000
     50.0461	      0.0000
     50.1461	      0.0000
     50.2462	      0.0000
     50.3462	      0.0000
     50.4462	      0.0000
     50.5462	      0.0000
     50.6462	      0.0000
     50.7462	      0.0000
     50.8463	      0.0000
     50.9462	      0.0000
     51.0462	      0.0000
     51.1463	      0.0000
     51.2462	      0.0000
     51.3462	      0.0000
     51.4463	      0.0000
     51.5462	      0.0000
     51.6463	      0.0000
     51.7463	      0.0000
     51.8463	      0.0000
     51.9463	      0.0000
     52.0464	      0.0000
     52.1463	      0.0000
     52.2463	      0.0000
     52.3464	      0.0000
     52.4463	      0.0000
     52.5463	      0.0000
     52.6464	      0.0000
     52.7464	      0.0000
     52.8464	      0.0000
     52.9465	      0.0000
     53.0463	      0.0000
     53.1464	      0.0000
     53.2465	      0.0000
     53.3464	      0.0000
     53.4464	      0.0000
     53.5468	      0.0000
     53.6464	      0.0000
     53.7465	      0.0000
     53.8465	      0.0000
     53.9465	      0.0000
     54.0465	      0.0000
     54.1466	      0.0000
     54.2465	      0.0000
     54.3465	      0.0000
     54.4466	      0.0000
     54.5465	      0.0000
     54.6465	      0.0000
     54.7466	      0.0000
     54.8465	      0.0000
     54.9466	      0.0000
     55.0467	      0.0000
     55.1466	      0.0000
     55.2466	      0.0000
     55.3466	      0.0000
     55.4466	      0.0000
     55.5466	      0.0000
     55.6467	      0.0000
     55.7466	      0.0000
     55.8466	      0.0000
     55.9467	      0.0000
     56.0466	      0.0000
     56.1467	      0.0000
     56.2467	      0.0000
     56.3467	      0.0000
     56.4467	      0.0000
     56.5468	      0.0000
     56.6467	      0.0000
     56.7467	      0.0000
     56.8468	      0.0000
     56.9467	      0.0000
     57.0468	      0.0000
     57.1468	      0.0000
     57.2467	      0.0000
     57.3468	      0.0000
     57.4468	      0.0000
     57.5467	      0.0000
     57.6468	      0.0000
     57.7469	      0.0000
     57.8468	      0.0000
     57.9468	      0.0000
     58.0469	      0.0000
     58.1468	      0.0000
     58.2468	      0.0000
     58.3469	      0.0000
     58.4468	      0.0000
     58.5469	      0.0000
     58.6469	      0.0000
     58.7469	      0.0000
     58.8469	      0.0000
     58.9470	      0.0000
     59.0469	      0.0000
     59.1470	      0.0000
     59.2470	      0.0000
     59.3469	      0.0000
     59.4469	      0.0000
     59.5470	      0.0000
     59.6469	      0.0000
     59.7470	      0.0000
     59.8470	      0.0000
     59.9470	      0.0000
     60.0470	      0.0000
     60.1471	      0.0000
     60.2470	      0.0000
     60.3470	      0.0000
     60.4471	      0.0000
     60.5470	      0.0000
     60.6474	      0.0000
     60.7472	      0.0000
     60.8471	      0.0000
     60.9472	      0.0000
     61.0472	      0.0000
     61.1472	      0.0000
     61.2472	      0.0000
     61.3473	      0.0000
     61.4472	      0.0000
     61.5472	      0.0000
     61.6473	      0.0000
     61.7472	      0.0000
     61.8472	      0.0000
     61.9473	      0.0000
     62.0472	      0.0000
     62.1472	      0.0000
     62.2473	      0.0000
     62.3472	      0.0000
     62.4472	      0.0000
     62.5473	      0.0000
     62.6473	      0.0000
     62.7473	      0.0000
     62.8473	      0.0000
     62.9473	      0.0000
     63.0473	      0.0000
     63.1474	      0.0000
     63.2473	      0.0000
     63.3473	      0.0000
     63.4474	      0.0000
     63.5473	      0.0000
     63.6473	      0.0000
     63.7476	      0.0000
     63.8475	      0.0000
     63.9475	      0.0000
     64.0476	      0.0000
     64.1475	      0.0000
     64.2476	      0.0000
     64.3476	      0.0000
     64.4475	      0.0000
     64.5476	      0.0000
     64.6477	      0.0000
     64.7476	      0.0000
     64.8476	      0.0000
     64.9477	      0.0078
     65.0476	      0.3594
     65.1476	      1.2500
     65.2477	      2.3438
     65.3476	      3.3828
     65.4476	      4.2852
     65.5477	      4.9648
     65.6476	      5.3828
     65.7477	      5.6758
     65.8478	      5.9883
     65.9477	      6.3789
     66.0477	      6.8711
     66.1478	      7.4180
     66.2477	      7.9805
     66.3477	      8.5586
     66.4478	      9.1367
     66.5477	      9.7031
     66.6477	     10.2539
     66.7478	     10.8086
     66.8478	     11.3828
     66.9478	     11.9531
     67.0479	     12.5117
     67.1478	     13.0547
     67.2478	     13.6094
     67.3479	     14.1797
     67.4478	     14.7461
     67.5478	     15.2813
     67.6479	     15.7852
     67.7478	     16.2656
     67.8479	     16.7383
     67.9480	     17.1992
     68.0479	     17.6641
     68.1479	     18.1211
     68.2480	     18.5469
     68.3479	     18.8906
     68.4479	     19.0781
     68.5480	     19.0898
     68.6479	     18.9883
     68.7480	     18.8633
     68.8481	     18.7891
     68.9481	     18.7617
     69.0480	     18.7383
     69.1481	     18.6953
     69.2478	     18.6250
     69.3478	     18.5313
     69.4481	     18.4258
     69.5481	     18.3164
     69.6478	     18.2148
     69.7482	     18.1328
     69.8481	     18.0508
     69.9481	     17.9570
     70.0482	     17.8945
     70.1481	     17.9336
     70.2481	     18.0391
     70.3481	     18.1211
     70.4481	     18.1758
     70.5481	     18.2344
     70.6482	     18.3086
     70.7481	     18.3984
     70.8481	     18.4922
     70.9482	     18.5859
     71.0481	     18.6680
     71.1482	     18.7539
     71.2482	     18.8477
     71.3481	     18.9531
     71.4482	     19.0664
     71.5482	     19.1641
     71.6481	     19.2500
     71.7482	     19.3164
     71.8483	     19.3828
     71.9482	     19.4531
     72.0482	     19.5234
     72.1483	     19.5820
     72.2482	     19.6406
     72.3483	     19.6992
     72.4483	     19.7656
     72.5482	     19.8320
     72.6483	     19.9023
     72.7483	     19.9688
     72.8482	     20.0313
     72.9483	     20.0977
     73.0483	     20.1602
     73.1483	     20.2266
     73.2483	     20.3086
     73.3484	     20.4063
     73.4483	     20.5078
     73.5484	     20.6016
     73.6484	     20.6797
     73.7484	     20.7461
     73.8484	     20.8164
     73.9485	     20.8945
     74.0484	     20.9766
     74.1484	     21.0547
     74.2485	     21.1250
     74.3484	     21.2070
     74.4484	     21.3008
     74.5485	     21.4102
     74.6484	     21.5469
     74.7485	     21.7148
     74.8486	     21.8906
     74.9485	     22.0664
     75.0485	     22.2539
     75.1486	     22.4648
     75.2485	     22.7344
     75.3485	     23.1172
     75.4486	     23.5586
     75.5485	     24.0078
     75.6485	     24.4570
     75.7486	     24.9023
     75.8485	     25.3008
     75.9486	     25.5586
     76.0486	     25.6094
     76.1486	     25.5195
     76.2486	     25.4336
     76.3487	     25.4219
     76.4487	     25.4336
     76.5487	     25.3867
     76.6488	     25.3477
     76.7486	     25.3398
     76.8486	     25.4023
     76.9487	     25.5391
     77.0486	     25.7578
     77.1487	     26.0703
     77.2488	     26.4922
     77.3487	     27.0508
     77.4487	     27.6836
     77.5488	     28.3320
     77.6487	     28.9414
     77.7487	     29.4961
     77.8488	     29.9922
     77.9487	     30.4258
     78.0487	     30.7969
     78.1489	     31.0781
     78.2487	     31.2656
     78.3488	     31.3555
     78.4488	     31.3555
     78.5488	     31.2539
     78.6488	     31.1367
     78.7489	     31.0820
     78.8489	     31.0625
     78.9489	     31.0547
     79.0490	     31.0352
     79.1489	     30.9961
     79.2489	     30.9375
     79.3490	     30.8750
     79.4489	     30.8125
     79.5489	     30.7617
     79.6488	     30.7188
     79.7489	     30.7031
     79.8490	     30.6563
     79.9491	     30.5898
     80.0490	     30.5273
     80.1490	     30.4648
     80.2491	     30.3906
     80.3490	     30.3086
     80.4488	     30.2188
     80.5489	     30.1328
     80.6490	     30.0391
     80.7490	     29.9258
     80.8491	     29.7656
     80.9491	     29.5898
     81.0491	     29.4180
     81.1492	     29.2500
     81.2491	     29.0820
     81.3489	     28.9180
     81.4492	     28.7461
     81.5489	     28.5664
     81.6491	     28.3633
     81.7492	     28.1680
     81.8491	     27.9961
     81.9492	     27.8203
     82.0492	     27.6445
     82.1489	     27.4648
     82.2492	     27.3281
     82.3493	     27.2500
     82.4492	     27.1953
     82.5490	     27.1484
     82.6493	     27.0859
     82.7492	     27.0234
     82.8493	     26.9805
     82.9493	     27.0391
     83.0492	     27.0898
     83.1492	     27.0977
     83.2493	     27.1094
     83.3492	     27.1328
     83.4492	     27.1719
     83.5493	     27.2188
     83.6492	     27.2773
     83.7493	     27.3555
     83.8493	     27.4531
     83.9493	     27.5508
     84.0493	     27.6328
     84.1494	     27.7070
     84.2493	     27.7813
     84.3493	     27.8633
     84.4494	     27.9453
     84.5493	     28.0469
     84.6493	     28.1914
     84.7494	     28.3945
     84.8493	     28.6289
     84.9494	     28.8906
     85.0495	     29.1836
     85.1494	     29.4531
     85.2494	     29.7070
     85.3495	     29.9414
     85.4494	     30.1523
     85.5494	     30.3555
     85.6495	     30.6016
     85.7494	     30.8906
     85.8494	     31.1992
     85.9496	     31.4922
     86.0494	     31.7891
     86.1495	     32.0938
     86.2496	     32.4063
     86.3495	     32.6914
     86.4495	     32.9648
     86.5496	     33.2305
     86.6495	     33.4805
     86.7495	     33.7148
     86.8496	     33.9258
     86.9495	     34.1797
     87.0495	     34.4844
     87.1497	     34.8789
     87.2495	     35.3555
     87.3496	     35.9141
     87.4496	     36.3672
     87.5496	     36.7148
     87.6496	     37.0430
     87.7497	     37.3867
     87.8496	     37.7617
     87.9496	     38.1875
     88.0497	     38.6367
     88.1496	     39.0938
     88.2496	     39.5352
     88.3497	     39.9531
     88.4496	     40.3828
     88.5496	     40.8438
     88.6498	     41.3008
     88.7497	     41.7344
     88.8497	     42.1172
     88.9498	     42.4414
     89.0497	     42.7305
     89.1497	     43.0078
     89.2498	     43.2813
     89.3497	     43.5469
     89.4497	     43.7578
     89.5498	     43.8516
     89.6497	     43.7695
     89.7497	     43.5859
     89.8498	     43.4609
     89.9498	     43.4375
     90.0498	     43.4063
     90.1500	     43.3750
     90.2499	     43.3398
     90.3498	     43.3555
     90.4499	     43.4570
     90.5498	     43.5898
     90.6498	     43.7266
     90.7499	     43.8789
     90.8498	     43.9961
     90.9499	     44.0781
     91.0499	     44.1211
     91.1499	     44.1289
     91.2499	     44.0977
     91.3500	     44.0039
     91.4499	     43.8906
     91.5500	     43.7578
     91.6501	     43.6055
     91.7500	     43.4492
     91.8500	     43.3008
     91.9501	     43.1445
     92.0500	     42.9805
     92.1500	     42.8164
     92.2501	     42.6445
     92.3501	     42.4609
     92.4498	     42.2930
     92.5501	     42.1563
     92.6500	     42.0430
     92.7501	     41.9414
     92.8502	     41.8203
     92.9501	     41.6680
     93.0501	     41.4883
     93.1502	     41.2969
     93.2499	     41.1211
     93.3502	     40.9648
     93.4502	     40.8203
     93.5502	     40.6836
     93.6502	     40.5469
     93.7500	     40.3984
     93.8502	     40.2422
     93.9502	     40.0820
     94.0503	     39.9102
     94.1502	     39.7383
     94.2502	     39.6094
     94.3503	     39.5586
     94.4500	     39.6094
     94.5503	     39.6680
     94.6504	     39.6250
     94.7503	     39.5039
     94.8503	     39.2617
     94.9502	     39.0234
     95.0500	     38.8281
     95.1503	     38.6563
     95.2502	     38.5391
     95.3503	     38.4844
     95.4501	     38.4609
     95.5504	     38.4375
     95.6503	     38.3828
     95.7504	     38.3008
     95.8505	     38.2148
     95.9504	     38.1563
     96.0504	     38.1094
     96.1505	     38.0586
     96.2503	     38.0000
     96.3503	     37.9492
     96.4505	     37.9102
     96.5504	     37.8516
     96.6505	     37.7539
     96.7506	     37.6328
     96.8504	     37.5078
     96.9504	     37.4141
     97.0503	     37.3555
     97.1505	     37.3242
     97.2504	     37.3047
     97.3506	     37.2891
     97.4502	     37.2578
     97.5505	     37.2109
     97.6506	     37.1523
     97.7505	     37.0859
     97.8505	     37.0195
     97.9507	     36.9453
     98.0505	     36.8672
     98.1505	     36.8047
     98.2505	     36.7578
     98.3503	     36.7070
     98.4505	     36.6445
     98.5507	     36.6016
     98.6504	     36.5586
     98.7505	     36.5156
     98.8507	     36.4727
     98.9506	     36.4219
     99.0506	     36.3711
     99.1505	     36.2969
     99.2507	     36.2227
     99.3507	     36.1445
     99.4506	     36.0586
     99.5507	     35.9688
     99.6507	     35.8555
     99.7506	     35.7344
     99.8505	     35.6055
     99.9508	     35.4766
    100.0506	     35.3359
    100.1507	     35.2031
    100.2508	     35.0898
    100.3509	     34.9805
    100.4508	     34.8789
    100.5508	     34.7969
    100.6509	     34.6992
    100.7508	     34.5781
    100.8508	     34.4375
    100.9509	     34.2891
    101.0508	     34.1367
    101.1506	     34.0000
    101.2507	     33.8984
    101.3509	     33.8906
    101.4506	     33.9063
    101.5507	     33.9063
    101.6508	     33.8906
    101.7509	     33.8828
    101.8510	     33.8828
    101.9509	     33.9219
    102.0508	     33.9609
    102.1510	     33.9805
    102.2509	     33.9922
    102.3509	     34.0156
    102.4511	     34.0703
    102.5509	     34.1289
    102.6509	     34.1680
    102.7511	     34.1875
    102.8509	     34.1992
    102.9509	     34.2148
    103.0510	     34.2344
    103.1508	     34.2656
    103.2510	     34.2852
    103.3511	     34.2930
    103.4509	     34.2930
    103.5510	     34.3125
    103.6511	     34.3633
    103.7510	     34.4102
    103.8511	     34.4297
    103.9511	     34.4336
    104.0510	     34.4414
    104.1510	     34.4570
    104.2512	     34.4844
    104.3510	     34.4961
    104.4510	     34.4961
    104.5512	     34.5078
    104.6511	     34.5117
    104.7511	     34.5000
    104.8512	     34.5039
    104.9512	     34.5117
    105.0512	     34.5117
    105.1512	     34.5039
    105.2512	     34.4688
    105.3512	     34.4141
    105.4512	     34.3555
    105.5512	     34.3242
    105.6512	     34.3086
    105.7513	     34.2813
    105.8512	     34.2422
    105.9513	     34.1992
    106.0512	     34.1563
    106.1512	     34.1211
    106.2512	     34.0938
    106.3514	     34.1094
    106.4512	     34.2070
    106.5512	     34.3945
    106.6514	     34.6328
    106.7512	     34.8555
    106.8513	     35.0703
    106.9514	     35.2891
    107.0513	     35.4961
    107.1513	     35.6758
    107.2514	     35.8281
    107.3513	     36.0039
    107.4513	     36.1953
    107.5515	     36.3906
    107.6513	     36.6328
    107.7514	     36.9258
    107.8515	     37.2852
    107.9514	     37.7188
    108.0514	     38.1719
    108.1515	     38.6016
    108.2514	     39.0078
    108.3514	     39.4141
    108.4515	     39.8281
    108.5514	     40.2539
    108.6514	     40.6836
    108.7515	     41.1172
    108.8514	     41.5430
    108.9515	     41.9453
    109.0516	     42.3047
    109.1515	     42.5703
    109.2515	     42.6953
    109.3516	     42.6367
    109.4515	     42.4453
    109.5515	     42.2734
    109.6516	     42.1992
    109.7516	     42.1367
    109.8516	     42.0703
    109.9515	     42.0117
    110.0516	     42.0117
    110.1515	     42.0938
    110.2516	     42.2266
    110.3515	     42.4570
    110.4516	     42.7813
    110.5517	     43.1758
    110.6515	     43.5977
    110.7516	     44.0156
    110.8517	     44.4375
    110.9516	     44.8359
    111.0517	     45.2109
    111.1517	     45.5547
    111.2516	     45.8398
    111.3517	     46.0000
    111.4518	     46.0430
    111.5517	     46.0859
    111.6517	     46.1523
    111.7518	     46.2383
    111.8517	     46.3281
    111.9517	     46.4492
    112.0518	     46.5859
    112.1517	     46.7266
    112.2517	     46.8398
    112.3518	     46.9180
    112.4517	     46.9688
    112.5517	     46.9961
    112.6518	     47.0000
    112.7518	     46.9844
    112.8518	     46.9141
    112.9519	     46.7656
    113.0519	     46.6172
    113.1519	     46.4531
    113.2520	     46.2773
    113.3519	     46.1094
    113.4519	     45.9336
    113.5520	     45.7617
    113.6519	     45.5977
    113.7519	     45.4727
    113.8520	     45.3906
    113.9517	     45.3281
    114.0520	     45.2422
    114.1521	     45.1445
    114.2520	     45.0313
    114.3520	     44.9141
    114.4521	     44.7969
    114.5520	     44.6836
    114.6520	     44.5703
    114.7519	     44.4609
    114.8520	     44.3477
    114.9520	     44.2188
    115.0521	     44.0859
    115.1518	     43.9414
    115.2520	     43.7656
    115.3522	     43.5469
    115.4520	     43.3164
    115.5521	     43.0898
    115.6522	     42.8789
    115.7521	     42.6680
    115.8519	     42.4766
    115.9522	     42.3047
    116.0521	     42.1484
    116.1519	     41.9922
    116.2520	     41.8281
    116.3521	     41.6563
    116.4522	     41.4766
    116.5523	     41.2969
    116.6521	     41.1211
    116.7522	     40.9531
    116.8523	     40.7813
    116.9520	     40.5977
    117.0522	     40.4141
    117.1521	     40.2461
    117.2522	     40.0742
    117.3520	     39.8984
    117.4521	     39.6953
    117.5522	     39.4727
    117.6523	     39.2539
    117.7524	     39.0742
    117.8523	     38.9336
    117.9523	     38.8125
    118.0524	     38.6992
    118.1523	     38.5703
    118.2523	     38.4219
    118.3525	     38.2852
    118.4523	     38.1797
    118.5524	     38.1133
    118.6525	     38.0820
    118.7524	     38.0273
    118.8524	     37.9297
    118.9525	     37.7969
    119.0521	     37.6328
    119.1524	     37.4844
    119.2525	     37.3438
    119.3524	     37.1797
    119.4524	     37.0273
    119.5523	     36.8945
    119.6524	     36.7773
    119.7525	     36.6797
    119.8526	     36.5859
    119.9525	     36.4844
    120.0522	     36.3398
    120.1526	     36.1406
    120.2525	     35.9375
    120.3525	     35.7852
    120.4526	     35.6758
    120.5525	     35.5898
    120.6525	     35.5234
    120.7526	     35.5313
    120.8525	     35.6016
    120.9524	     35.6719
    121.0526	     35.7344
    121.1525	     35.7891
    121.2525	     35.8359
    121.3527	     35.8711
    121.4525	     35.8906
    121.5525	     35.8945
    121.6527	     35.9063
    121.7526	     35.9336
    121.8526	     35.9688
    121.9527	     36.0000
    122.0525	     36.0234
    122.1526	     36.0273
    122.2527	     36.0156
    122.3526	     36.0039
    122.4526	     35.9961
    122.5528	     35.9961
    122.6526	     36.0078
    122.7528	     36.0156
    122.8528	     36.0039
    122.9527	     35.9883
    123.0528	     35.9766
    123.1529	     35.9609
    123.2527	     35.9453
    123.3528	     35.9063
    123.4529	     35.8477
    123.5527	     35.7695
    123.6528	     35.6758
    123.7529	     35.5703
    123.8528	     35.4844
    123.9528	     35.4141
    124.0529	     35.3555
    124.1528	     35.3008
    124.2529	     35.2656
    124.3530	     35.2500
    124.4529	     35.2461
    124.5528	     35.2422
    124.6530	     35.2109
    124.7528	     35.2031
    124.8529	     35.3008
    124.9530	     35.4492
    125.0528	     35.6016
    125.1529	     35.7344
    125.2530	     35.8945
    125.3529	     36.0703
    125.4529	     36.2109
    125.5530	     36.3477
    125.6529	     36.5313
    125.7529	     36.7266
    125.8530	     36.9219
    125.9529	     37.1289
    126.0529	     37.3555
    126.1531	     37.6055
    126.2529	     37.9023
    126.3530	     38.2344
    126.4531	     38.5977
    126.5530	     38.9531
    126.6530	     39.2656
    126.7531	     39.5430
    126.8530	     39.8398
    126.9530	     40.1563
    127.0531	     40.4766
    127.1530	     40.7930
    127.2530	     41.0977
    127.3531	     41.3984
    127.4530	     41.6836
    127.5530	     41.9531
    127.6532	     42.2070
    127.7531	     42.4023
    127.8531	     42.5469
    127.9532	     42.6484
    128.0531	     42.7148
    128.1531	     42.7617
    128.2532	     42.8125
    128.3531	     42.8789
    128.4531	     42.9180
    128.5533	     42.9141
    128.6532	     42.8359
    128.7532	     42.6836
    128.8534	     42.5352
    128.9533	     42.3789
    129.0533	     42.2344
    129.1534	     42.0938
    129.2533	     41.9375
    129.3533	     41.7695
    129.4534	     41.6055
    129.5533	     41.4531
    129.6531	     41.3047
    129.7535	     41.1523
    129.8533	     40.9922
    129.9531	     40.8164
    130.0535	     40.6328
    130.1534	     40.4609
    130.2534	     40.3008
    130.3535	     40.1602
    130.4534	     40.0273
    130.5534	     39.8633
    130.6535	     39.6797
    130.7534	     39.4688
    130.8534	     39.2266
    130.9535	     38.9648
    131.0534	     38.7070
    131.1535	     38.4453
    131.2536	     38.1523
    131.3532	     37.8203
    131.4534	     37.4297
    131.5533	     37.0039
    131.6534	     36.5508
    131.7534	     36.0625
    131.8536	     35.5586
    131.9535	     35.0547
    132.0535	     34.5586
    132.1534	     34.0703
    132.2535	     33.6250
    132.3536	     33.2461
    132.4535	     32.9297
    132.5536	     32.6602
    132.6536	     32.4336
    132.7538	     32.2344
    132.8536	     32.0469
    132.9534	     31.8711
    133.0538	     31.6914
    133.1536	     31.4961
    133.2536	     31.2891
    133.3538	     31.0742
    133.4537	     30.8672
    133.5537	     30.6836
    133.6538	     30.5000
    133.7537	     30.3164
    133.8537	     30.1367
    133.9536	     29.9727
    134.0537	     29.8477
    134.1535	     29.7422
    134.2539	     29.6367
    134.3537	     29.5273
    134.4538	     29.4023
    134.5539	     29.2578
    134.6538	     29.0898
    134.7538	     28.9180
    134.8539	     28.7461
    134.9538	     28.5859
    135.0538	     28.4063
    135.1540	     28.2188
    135.2538	     28.0313
    135.3539	     27.8711
    135.4540	     27.7305
    135.5538	     27.5977
    135.6538	     27.4766
    135.7540	     27.3711
    135.8538	     27.3281
    135.9537	     27.4063
    136.0540	     27.5234
    136.1539	     27.6289
    136.2539	     27.6953
    136.3540	     27.7578
    136.4538	     27.8203
    136.5539	     27.8867
    136.6540	     27.9492
    136.7539	     28.0039
    136.8539	     28.0547
    136.9540	     28.0977
    137.0539	     28.1289
    137.1539	     28.1289
    137.2541	     28.1133
    137.3539	     28.0938
    137.4539	     28.0742
    137.5541	     28.0586
    137.6539	     28.0469
    137.7540	     28.0352
    137.8542	     28.0117
    137.9541	     27.9648
    138.0541	     27.9063
    138.1542	     27.8281
    138.2541	     27.7539
    138.3541	     27.6797
    138.4542	     27.6172
    138.5540	     27.5938
    138.6540	     27.6914
    138.7542	     27.9922
    138.8541	     28.4297
    138.9541	     28.8867
    139.0542	     29.2852
    139.1541	     29.6406
    139.2538	     29.9648
    139.3543	     30.2578
    139.4541	     30.5195
    139.5541	     30.7734
    139.6543	     31.0156
    139.7541	     31.2617
    139.8541	     31.5195
    139.9543	     31.7578
    140.0542	     32.0000
    140.1542	     32.2813
    140.2543	     32.5586
    140.3542	     32.8633
    140.4542	     33.2266
    140.5543	     33.6523
    140.6542	     34.1133
    140.7542	     34.5430
    140.8544	     34.9141
    140.9543	     35.2383
    141.0543	     35.5313
    141.1544	     35.8320
    141.2543	     36.1719
    141.3543	     36.5352
    141.4544	     36.8711
    141.5540	     37.2109
    141.6543	     37.5625
    141.7544	     37.9023
    141.8540	     38.2227
    141.9544	     38.5195
    142.0545	     38.7656
    142.1543	     38.9727
    142.2540	     39.1719
    142.3545	     39.3711
    142.4543	     39.5586
    142.5543	     39.6914
    142.6545	     39.7109
    142.7544	     39.6016
    142.8545	     39.4766
    142.9545	     39.4102
    143.0544	     39.3711
    143.1545	     39.3008
    143.2546	     39.2383
    143.3545	     39.2031
    143.4545	     39.1875
    143.5546	     39.1016
    143.6545	     39.0156
    143.7546	     38.9219
    143.8547	     38.8008
    143.9546	     38.6563
    144.0546	     38.5039
    144.1547	     38.3281
    144.2541	     38.1563
    144.3544	     37.9961
    144.4547	     37.8320
    144.5546	     37.6602
    144.6546	     37.4922
    144.7548	     37.3359
    144.8544	     37.1953
    144.9547	     37.0547
    145.0546	     36.9102
    145.1547	     36.7461
    145.2547	     36.5664
    145.3548	     36.3906
    145.4547	     36.2148
    145.5547	     36.0195
    145.6548	     35.8516
    145.7547	     35.7305
    145.8548	     35.6211
    145.9549	     35.4961
    146.0548	     35.3477
    146.1548	     35.1875
    146.2549	     35.0117
    146.3546	     34.8516
    146.4548	     34.7109
    146.5549	     34.6016
    146.6548	     34.5273
    146.7548	     34.4453
    146.8550	     34.3438
    146.9549	     34.2305
    147.0549	     34.0977
    147.1550	     33.9492
    147.2549	     33.7891
    147.3549	     33.6133
    147.4550	     33.4063
    147.5549	     33.1914
    147.6549	     33.0117
    147.7548	     32.8789
    147.8544	     32.7656
    147.9549	     32.6602
    148.0551	     32.5703
    148.1549	     32.5117
    148.2550	     32.5664
    148.3550	     32.6680
    148.4549	     32.7773
    148.5549	     32.9648
    148.6551	     33.1875
    148.7549	     33.4063
    148.8549	     33.6250
    148.9551	     33.8398
    149.0549	     34.0430
    149.1547	     34.2383
    149.2551	     34.4375
    149.3547	     34.6641
    149.4550	     34.9102
    149.5551	     35.1797
    149.6547	     35.4766
    149.7550	     35.7813
    149.8552	     36.1563
    149.9550	     36.6445
    150.0551	     37.1797
    150.1552	     37.5625
    150.2551	     37.8203
    150.3548	     38.0703
    150.4552	     38.3555
    150.5550	     38.6719
    150.6551	     39.0078
    150.7552	     39.3477
    150.8548	     39.6953
    150.9552	     40.0742
    151.0553	     40.5156
    151.1551	     41.0234
    151.2552	     41.5742
    151.3553	     42.1250
    151.4551	     42.6523
    151.5552	     43.1406
    151.6553	     43.6055
    151.7551	     44.0547
    151.8552	     44.5039
    151.9553	     44.9492
    152.0549	     45.3789
    152.1549	     45.8047
    152.2554	     46.2148
    152.3549	     46.5820
    152.4552	     46.9336
    152.5554	     47.2695
    152.6553	     47.5977
    152.7550	     47.9023
    152.8554	     48.1641
    152.9553	     48.3086
    153.0550	     48.3633
    153.1554	     48.4141
    153.2550	     48.5039
    153.3550	     48.5820
    153.4555	     48.5313
    153.5553	     48.3555
    153.6550	     48.1992
    153.7555	     48.1211
    153.8550	     48.0859
    153.9555	     48.0273
    154.0556	     48.0000
    154.1555	     48.0273
    154.2552	     48.1289
    154.3556	     48.1953
    154.4555	     48.1953
    154.5555	     48.1250
    154.6551	     47.9453
    154.7550	     47.7578
    154.8550	     47.5703
    154.9557	     47.3945
    155.0555	     47.2695
    155.1556	     47.1758
    155.2557	     47.0703
    155.3556	     46.9297
    155.4556	     46.7578
    155.5557	     46.5859
    155.6551	     46.4141
    155.7556	     46.2578
    155.8555	     46.1094
    155.9557	     45.9688
    156.0554	     45.8164
    156.1556	     45.6523
    156.2557	     45.4805
    156.3557	     45.2930
    156.4559	     45.1133
    156.5557	     44.9727
    156.6557	     44.8555
    156.7559	     44.7461
    156.8557	     44.6250
    156.9552	     44.4766
    157.0559	     44.3125
    157.1552	     44.1406
    157.2558	     43.9688
    157.3559	     43.8164
    157.4558	     43.6836
    157.5558	     43.5508
    157.6560	     43.4063
    157.7558	     43.2461
    157.8553	     43.0742
    157.9560	     42.9180
    158.0558	     42.7773
    158.1558	     42.6406
    158.2560	     42.5039
    158.3558	     42.3633
    158.4559	     42.2148
    158.5560	     42.0391
    158.6559	     41.8203
    158.7554	     41.5859
    158.8560	     41.3516
    158.9559	     41.1563
    159.0559	     41.0156
    159.1561	     40.9063
    159.2559	     40.8086
    159.3557	     40.6914
    159.4561	     40.5352
    159.5554	     40.3516
    159.6555	     40.1523
    159.7561	     39.9609
    159.8560	     39.7969
    159.9561	     39.6523
    160.0563	     39.5117
    160.1561	     39.3750
    160.2560	     39.2305
    160.3559	     39.0859
    160.4561	     38.9375
    160.5561	     38.7891
    160.6562	     38.6445
    160.7561	     38.4883
    160.8561	     38.3242
    160.9562	     38.1602
    161.0561	     38.0156
    161.1561	     37.8711
    161.2563	     37.7266
    161.3562	     37.5781
    161.4561	     37.4492
    161.5563	     37.3125
    161.6561	     37.1523
    161.7563	     36.9688
    161.8564	     36.7813
    161.9556	     36.5938
    162.0562	     36.4063
    162.1560	     36.2227
    162.2562	     36.0469
    162.3562	     35.8867
    162.4558	     35.7422
    162.5557	     35.5977
    162.6557	     35.4453
    162.7558	     35.2930
    162.8562	     35.1523
    162.9563	     35.0977
    163.0563	     35.1758
    163.1562	     35.3320
    163.2563	     35.4883
    163.3561	     35.6289
    163.4559	     35.7617
    163.5560	     35.8945
    163.6564	     36.0039
    163.7560	     36.1445
    163.8560	     36.3359
    163.9564	     36.6055
    164.0560	     36.9102
    164.1560	     37.1719
    164.2564	     37.3633
    164.3563	     37.4922
    164.4563	     37.6133
    164.5565	     37.7617
    164.6561	     37.9492
    164.7561	     38.1328
    164.8565	     38.2539
    164.9561	     38.3555
    165.0561	     38.5352
    165.1565	     38.8008
    165.2564	     38.9961
    165.3564	     39.0547
    165.4565	     38.9609
    165.5562	     38.7656
    165.6560	     38.5391
    165.7567	     38.3203
    165.8565	     38.1172
    165.9560	     37.9297
    166.0567	     37.7188
    166.1565	     37.4922
    166.2565	     37.2852
    166.3567	     37.1211
    166.4565	     36.9805
    166.5565	     36.8359
    166.6567	     36.6875
    166.7566	     36.5039
    166.8566	     36.3867
    166.9568	     36.4063
    167.0566	     36.4766
    167.1566	     36.5469
    167.2567	     36.5977
    167.3566	     36.6250
    167.4566	     36.6328
    167.5567	     36.6328
    167.6563	     36.6836
    167.7563	     36.7617
    167.8567	     36.8320
    167.9563	     36.8867
    168.0566	     36.9609
    168.1568	     37.1133
    168.2564	     37.3516
    168.3564	     37.6289
    168.4568	     37.9141
    168.5567	     38.1875
    168.6564	     38.4688
    168.7569	     38.7461
    168.8567	     39.0781
    168.9564	     39.4727
    169.0568	     39.9609
    169.1567	     40.5234
    169.2565	     41.0313
    169.3569	     41.4492
    169.4565	     41.7656
    169.5568	     42.0391
    169.6566	     42.3164
    169.7565	     42.6172
    169.8565	     42.9492
    169.9570	     43.2969
    170.0566	     43.6445
    170.1569	     43.9805
    170.2570	     44.3086
    170.3566	     44.6328
    170.4566	     44.9531
    170.5567	     45.2734
    170.6566	     45.5820
    170.7566	     45.8984
    170.8570	     46.2305
    170.9566	     46.5352
    171.0566	     46.8438
    171.1571	     47.1406
    171.2567	     47.4336
    171.3567	     47.7148
    171.4570	     47.9844
    171.5566	     48.2617
    171.6567	     48.5234
    171.7568	     48.7891
    171.8567	     49.0703
    171.9570	     49.3516
    172.0569	     49.6367
    172.1568	     49.9219
    172.2570	     50.1758
    172.3569	     50.3633
    172.4567	     50.5234
    172.5567	     50.6680
    172.6569	     50.8086
    172.7568	     50.9141
    172.8568	     51.0352
    172.9569	     51.1602
    173.0568	     51.2734
    173.1569	     51.3398
    173.2569	     51.3555
    173.3569	     51.3438
    173.4568	     51.3555
    173.5572	     51.3906
    173.6568	     51.4336
    173.7568	     51.4766
    173.8570	     51.5352
    173.9569	     51.6055
    174.0569	     51.6680
    174.1574	     51.6992
    174.2570	     51.6797
    174.3570	     51.5977
    174.4571	     51.4609
    174.5570	     51.2891
    174.6570	     51.1328
    174.7571	     50.9375
    174.8570	     50.7188
    174.9568	     50.5117
    175.0575	     50.3242
    175.1573	     50.1563
    175.2573	     49.9922
    175.3575	     49.8164
    175.4570	     49.6367
    175.5571	     49.4609
    175.6569	     49.2773
    175.7571	     49.0898
    175.8571	     48.9023
    175.9576	     48.7188
    176.0571	     48.5234
    176.1574	     48.3203
    176.2573	     48.1289
    176.3572	     47.9414
    176.4571	     47.7578
    176.5576	     47.5703
    176.6571	     47.3867
    176.7572	     47.1914
    176.8576	     47.0000
    176.9572	     46.8203
    177.0572	     46.6406
    177.1577	     46.4688
    177.2575	     46.2891
    177.3575	     46.1016
    177.4576	     45.9258
    177.5573	     45.7539
    177.6575	     45.5742
    177.7577	     45.3711
    177.8575	     45.1328
    177.9576	     44.8906
    178.0577	     44.6797
    178.1576	     44.5156
    178.2576	     44.3984
    178.3577	     44.2852
    178.4571	     44.1602
    178.5573	     44.0039
    178.6578	     43.8086
    178.7576	     43.5938
    178.8576	     43.3750
    178.9578	     43.1523
    179.0574	     42.9297
    179.1577	     42.7109
    179.2576	     42.4961
    179.3577	     42.2891
    179.4577	     42.0859
    179.5573	     41.9102
    179.6572	     41.7656
    179.7572	     41.6211
    179.8579	     41.4766
    179.9575	     41.3438
    180.0577	     41.1875
    180.1579	     41.0117
    180.2575	     40.8711
    180.3575	     40.7734
    180.4579	     40.6992
    180.5578	     40.6133
    180.6575	     40.5078
    180.7574	     40.3828
    180.8575	     40.2383
    180.9576	     40.0938
    181.0580	     39.9453
    181.1575	     39.7969
    181.2573	     39.6484
    181.3577	     39.5000
    181.4576	     39.3438
    181.5576	     39.2031
    181.6580	     39.0859
    181.7576	     38.9688
    181.8576	     38.8320
    181.9581	     38.6758
    182.0575	     38.5195
    182.1579	     38.3711
    182.2575	     38.2227
    182.3574	     38.0742
    182.4577	     37.9492
    182.5576	     37.8242
    182.6577	     37.6992
    182.7578	     37.5508
    182.8581	     37.3711
    182.9580	     37.1875
    183.0577	     37.0078
    183.1582	     36.8320
    183.2578	     36.6641
    183.3578	     36.5586
    183.4577	     36.5742
    183.5578	     36.7188
    183.6580	     36.9648
    183.7579	     37.2617
    183.8577	     37.5586
    183.9581	     37.8516
    184.0582	     38.1953
    184.1578	     38.4805
    184.2581	     38.5586
    184.3579	     38.4492
    184.4578	     38.3984
    184.5580	     38.5234
    184.6579	     38.6133
    184.7578	     38.6641
    184.8578	     38.7227
    184.9583	     38.7734
    185.0578	     38.8125
    185.1580	     38.8711
    185.2583	     39.0195
    185.3580	     39.2148
    185.4579	     39.4258
    185.5581	     39.6367
    185.6578	     39.8477
    185.7579	     40.0781
    185.8581	     40.3125
    185.9579	     40.5586
    186.0579	     40.8164
    186.1583	     41.0703
    186.2580	     41.3086
    186.3581	     41.5781
    186.4581	     41.8867
    186.5581	     42.2539
    186.6581	     42.6602
    186.7581	     43.0977
    186.8582	     43.5547
    186.9580	     44.0000
    187.0581	     44.3867
    187.1580	     44.6758
    187.2581	     44.8164
    187.3582	     44.8242
    187.4580	     44.7266
    187.5580	     44.5430
    187.6582	     44.3555
    187.7579	     44.1641
    187.8584	     43.9922
    187.9586	     43.8398
    188.0580	     43.6914
    188.1582	     43.5352
    188.2586	     43.3711
    188.3582	     43.2148
    188.4582	     43.0742
    188.5586	     42.9531
    188.6580	     42.8242
    188.7582	     42.6719
    188.8587	     42.5039
    188.9586	     42.3477
    189.0585	     42.1914
    189.1587	     42.0352
    189.2583	     41.8789
    189.3583	     41.7148
    189.4587	     41.5391
    189.5593	     41.3555
    189.6584	     41.1875
    189.7591	     41.0430
    189.8582	     40.9258
    189.9587	     40.8086
    190.0591	     40.6680
    190.1587	     40.5000
    190.2585	     40.3203
    190.3592	     40.1250
    190.4582	     39.9297
    190.5585	     39.7578
    190.6592	     39.6016
    190.7585	     39.4453
    190.8588	     39.2617
    190.9592	     39.0313
    191.0583	     38.7695
    191.1586	     38.4766
    191.2592	     38.1602
    191.3585	     37.7891
    191.4583	     37.3594
    191.5593	     36.9102
    191.6586	     36.4453
    191.7586	     35.9688
    191.8593	     35.5039
    191.9586	     35.1172
    192.0586	     34.8164
    192.1593	     34.5977
    192.2586	     34.4336
    192.3587	     34.2930
    192.4594	     34.1133
    192.5587	     33.8398
    192.6586	     33.4805
    192.7593	     33.0547
    192.8587	     32.5625
    192.9587	     32.0938
    193.0594	     31.7070
    193.1586	     31.3945
    193.2590	     31.1484
    193.3588	     30.9609
    193.4586	     30.7773
    193.5587	     30.5938
    193.6594	     30.4063
    193.7587	     30.2188
    193.8587	     30.0313
    193.9594	     29.8398
    194.0587	     29.6289
    194.1585	     29.3711
    194.2589	     29.0820
    194.3585	     28.7773
    194.4587	     28.5039
    194.5595	     28.3086
    194.6587	     28.1875
    194.7586	     28.1016
    194.8587	     28.0391
    194.9588	     28.0039
    195.0589	     28.0859
    195.1589	     28.3203
    195.2588	     28.6367
    195.3589	     28.9570
    195.4589	     29.2422
    195.5588	     29.5234
    195.6589	     29.7734
    195.7590	     29.9609
    195.8588	     30.0508
    195.9588	     30.0586
    196.0590	     30.0156
    196.1588	     29.9336
    196.2589	     29.8477
    196.3589	     29.7773
    196.4588	     29.7539
    196.5589	     29.7656
    196.6590	     29.7969
    196.7591	     29.8281
    196.8590	     29.8477
    196.9590	     29.8203
    197.0590	     29.7461
    197.1590	     29.6250
    197.2590	     29.4570
    197.3591	     29.2695
    197.4592	     29.1133
    197.5597	     28.9844
    197.6590	     28.8555
    197.7589	     28.7500
    197.8592	     28.7891
    197.9590	     29.0156
    198.0590	     29.3359
    198.1592	     29.6563
    198.2590	     29.9492
    198.3599	     30.2188
    198.4592	     30.4609
    198.5591	     30.6797
    198.6592	     30.9219
    198.7592	     31.2031
    198.8591	     31.5039
    198.9593	     31.7852
    199.0592	     32.0469
    199.1592	     32.3281
    199.2592	     32.6680
    199.3599	     33.0430
    199.4592	     33.4648
    199.5592	     33.9453
    199.6594	     34.4531
    199.7592	     34.9570
    199.8593	     35.4336
    199.9593	     35.8789
    200.0599	     36.2695
    200.1594	     36.6016
    200.2593	     36.9180
    200.3593	     37.2383
    200.4595	     37.5469
    200.5594	     37.8398
    200.6594	     38.1172
    200.7592	     38.3711
    200.8594	     38.6016
    200.9593	     38.7773
    201.0593	     38.8750
    201.1594	     38.8945
    201.2595	     38.9023
    201.3601	     38.9297
    201.4602	     38.9688
    201.5595	     39.0195
    201.6595	     39.0508
    201.7601	     39.0273
    201.8594	     38.9375
    201.9594	     38.8398
    202.0596	     38.7539
    202.1594	     38.6250
    202.2594	     38.4492
    202.3596	     38.2578
    202.4593	     38.0703
    202.5595	     37.8906
    202.6596	     37.7148
    202.7595	     37.5469
    202.8595	     37.3750
    202.9605	     37.2109
    203.0595	     37.0625
    203.1595	     36.9102
    203.2595	     36.7422
    203.3593	     36.5508
    203.4595	     36.3555
    203.5595	     36.1719
    203.6596	     35.9883
    203.7596	     35.8086
    203.8597	     35.6328
    203.9596	     35.4648
    204.0596	     35.2969
    204.1604	     35.1211
    204.2596	     34.9336
    204.3596	     34.7305
    204.4603	     34.5273
    204.5594	     34.3359
    204.6597	     34.1367
    204.7607	     33.9414
    204.8597	     33.7891
    204.9595	     33.6758
    205.0604	     33.5586
    205.1597	     33.4180
    205.2597	     33.2539
    205.3607	     33.0820
    205.4597	     32.9023
    205.5598	     32.7109
    205.6605	     32.5117
    205.7598	     32.3047
    205.8598	     32.0977
    205.9605	     31.8789
    206.0598	     31.6523
    206.1598	     31.4336
    206.2605	     31.2109
    206.3598	     30.9727
    206.4598	     30.7227
    206.5597	     30.4609
    206.6605	     30.2031
    206.7599	     29.9805
    206.8598	     29.8594
    206.9607	     29.8750
    207.0598	     30.0078
    207.1606	     30.1875
    207.2599	     30.3789
    207.3606	     30.5898
    207.4605	     30.7969
    207.5600	     30.9883
    207.6606	     31.1602
    207.7606	     31.3203
    207.8600	     31.4961
    207.9606	     31.6797
    208.0606	     31.8711
    208.1599	     32.0820
    208.2607	     32.3828
    208.3613	     32.8125
    208.4609	     33.2813
    208.5605	     33.7227
    208.6603	     34.1484
    208.7600	     34.5391
    208.8605	     34.9063
    208.9610	     35.2188
    209.0607	     35.5195
    209.1604	     35.8359
    209.2604	     36.2422
    209.3610	     36.7578
    209.4607	     37.4102
    209.5615	     38.0469
    209.6605	     38.5273
    209.7610	     38.9141
    209.8610	     39.2813
    209.9606	     39.6523
    210.0614	     40.0625
    210.1610	     40.5195
    210.2609	     41.0039
    210.3611	     41.4805
    210.4608	     41.9414
    210.5615	     42.4180
    210.6606	     42.9063
    210.7616	     43.3828
    210.8606	     43.8203
    210.9607	     44.1836
    211.0616	     44.4805
    211.1609	     44.7500
    211.2615	     45.0195
    211.3608	     45.2930
    211.4606	     45.5664
    211.5606	     45.7930
    211.6606	     45.8906
    211.7602	     45.8047
    211.8602	     45.6289
    211.9606	     45.4961
    212.0606	     45.4609
    212.1609	     45.4102
    212.2613	     45.3789
    212.3617	     45.3516
    212.4616	     45.4023
    212.5613	     45.5195
    212.6613	     45.7031
    212.7607	     45.9453
    212.8617	     46.1953
    212.9610	     46.4102
    213.0607	     46.6094
    213.1607	     46.7852
    213.2607	     46.9141
    213.3609	     46.9414
    213.4608	     46.9219
    213.5609	     46.9023
    213.6607	     46.8828
    213.7618	     46.8398
    213.8608	     46.7656
    213.9607	     46.6367
    214.0618	     46.5156
    214.1619	     46.4063
    214.2608	     46.2695
    214.3618	     46.1250
    214.4613	     46.0078
    214.5609	     45.9258
    214.6608	     45.8633
    214.7618	     45.7891
    214.8619	     45.6758
    214.9615	     45.5273
    215.0609	     45.3867
    215.1609	     45.2656
    215.2619	     45.1484
    215.3620	     45.0313
    215.4615	     44.9063
    215.5613	     44.7773
    215.6609	     44.6484
    215.7610	     44.5234
    215.8619	     44.3828
    215.9609	     44.2305
    216.0610	     44.1055
    216.1614	     44.0273
    216.2610	     43.9609
    216.3610	     43.8750
    216.4619	     43.7461
    216.5610	     43.6055
    216.6610	     43.4570
    216.7620	     43.3086
    216.8616	     43.1875
    216.9611	     43.0781
    217.0621	     42.9844
    217.1620	     42.8828
    217.2621	     42.7500
    217.3620	     42.5938
    217.4611	     42.4570
    217.5612	     42.3477
    217.6622	     42.2578
    217.7621	     42.1797
    217.8611	     42.0859
    217.9615	     41.9883
    218.0612	     41.8867
    218.1612	     41.7305
    218.2622	     41.4961
    218.3612	     41.2305
    218.4612	     40.9844
    218.5611	     40.7930
    218.6612	     40.6367
    218.7613	     40.5117
    218.8622	     40.3906
    218.9612	     40.2461
    219.0612	     40.0742
    219.1612	     39.8945
    219.2613	     39.7070
    219.3613	     39.5234
    219.4618	     39.3867
    219.5613	     39.2773
    219.6619	     39.1758
    219.7623	     39.0586
    219.8613	     38.9492
    219.9614	     38.8633
    220.0624	     38.7813
    220.1613	     38.6953
    220.2613	     38.6055
    220.3623	     38.5078
    220.4624	     38.3789
    220.5623	     38.2188
    220.6623	     38.0547
    220.7617	     37.8867
    220.8614	     37.7031
    220.9625	     37.5195
    221.0624	     37.3438
    221.1624	     37.1563
    221.2618	     36.9492
    221.3624	     36.7422
    221.4625	     36.5508
    221.5624	     36.4102
    221.6624	     36.3711
    221.7615	     36.4102
    221.8624	     36.4727
    221.9624	     36.5391
    222.0615	     36.5938
    222.1615	     36.6445
    222.2615	     36.6797
    222.3624	     36.6992
    222.4625	     36.7227
    222.5625	     36.7695
    222.6625	     36.8789
    222.7627	     36.9961
    222.8625	     37.1289
    222.9616	     37.2695
    223.0619	     37.4063
    223.1625	     37.4922
    223.2620	     37.5039
    223.3627	     37.5117
    223.4622	     37.5625
    223.5625	     37.6641
    223.6625	     37.7695
    223.7627	     37.8281
    223.8626	     37.8516
    223.9626	     37.8750
    224.0626	     37.9180
    224.1627	     37.9922
    224.2618	     38.0703
    224.3617	     38.1094
    224.4626	     38.1172
    224.5621	     38.1133
    224.6627	     38.0938
    224.7627	     38.0273
    224.8627	     37.9063
    224.9621	     37.7617
    225.0626	     37.6094
    225.1627	     37.4727
    225.2618	     37.3633
    225.3618	     37.2578
    225.4622	     37.1641
    225.5622	     37.0586
    225.6628	     36.9531
    225.7628	     36.8750
    225.8621	     36.8359
    225.9628	     36.8242
    226.0628	     36.8320
    226.1628	     36.8438
    226.2620	     36.8281
    226.3628	     36.8438
    226.4623	     36.8867
    226.5620	     36.9336
    226.6629	     36.9609
    226.7628	     36.9766
    226.8625	     36.9883
    226.9623	     37.0078
    227.0628	     37.0547
    227.1624	     37.1992
    227.2630	     37.3398
    227.3630	     37.4609
    227.4620	     37.5234
    227.5624	     37.5820
    227.6630	     37.6914
    227.7630	     37.8477
    227.8629	     38.0117
    227.9630	     38.1641
    228.0630	     38.3477
    228.1630	     38.5664
    228.2630	     38.7891
    228.3624	     39.0273
    228.4631	     39.2891
    228.5630	     39.5703
    228.6631	     39.8711
    228.7631	     40.1523
    228.8625	     40.4102
    228.9631	     40.6523
    229.0632	     40.9102
    229.1631	     41.1836
    229.2622	     41.4922
    229.3631	     41.8359
    229.4631	     42.1914
    229.5631	     42.5508
    229.6626	     42.8945
    229.7632	     43.2344
    229.8632	     43.5625
    229.9633	     43.9023
    230.0632	     44.2383
    230.1632	     44.5547
    230.2633	     44.8945
    230.3632	     45.2461
    230.4626	     45.5664
    230.5633	     45.8633
    230.6632	     46.1406
    230.7625	     46.4063
    230.8624	     46.6719
    230.9624	     46.9492
    231.0624	     47.2266
    231.1633	     47.4883
    231.2633	     47.7266
    231.3625	     47.8945
    231.4625	     47.8438
    231.5628	     47.6172
    231.6623	     47.3164
    231.7625	     47.0508
    231.8623	     46.8242
    231.9623	     46.6055
    232.0627	     46.4336
    232.1624	     46.2969
    232.2624	     46.1602
    232.3625	     46.0078
    232.4624	     45.8594
    232.5624	     45.7422
    232.6633	     45.6445
    232.7633	     45.5273
    232.8634	     45.3750
    232.9633	     45.2031
    233.0633	     45.0273
    233.1633	     44.8516
    233.2626	     44.6719
    233.3625	     44.5078
    233.4625	     44.3477
    233.5627	     44.2031
    233.6626	     44.0781
    233.7625	     43.9648
    233.8627	     43.8320
    233.9625	     43.6797
    234.0625	     43.5078
    234.1625	     43.3398
    234.2634	     43.1758
    234.3626	     43.0117
    234.4635	     42.8633
    234.5634	     42.7148
    234.6636	     42.5703
    234.7636	     42.4141
    234.8634	     42.2695
    234.9636	     42.1289
    235.0636	     41.9922
    235.1635	     41.8594
    235.2636	     41.7188
    235.3636	     41.5742
    235.4635	     41.4180
    235.5637	     41.2617
    235.6637	     41.1133
    235.7637	     40.9805
    235.8629	     40.8633
    235.9637	     40.7617
    236.0637	     40.6680
    236.1636	     40.5938
    236.2637	     40.5352
    236.3638	     40.4805
    236.4637	     40.4336
    236.5639	     40.3828
    236.6638	     40.3555
    236.7638	     40.3828
    236.8638	     40.3672
    236.9639	     40.3438
    237.0638	     40.3398
    237.1629	     40.3633
    237.2631	     40.4375
    237.3630	     40.5234
    237.4639	     40.6055
    237.5639	     40.6719
    237.6630	     40.6836
    237.7640	     40.6250
    237.8638	     40.5195
    237.9640	     40.4023
    238.0638	     40.3047
    238.1637	     40.1602
    238.2638	     39.9297
    238.3638	     39.6602
    238.4629	     39.4102
    238.5638	     39.2070
    238.6639	     39.0664
    238.7630	     38.9805
    238.8633	     38.9102
    238.9640	     38.8125
    239.0641	     38.7031
    239.1641	     38.5898
    239.2640	     38.4727
    239.3641	     38.3516
    239.4641	     38.2344
    239.5642	     38.1172
    239.6641	     37.9961
    239.7640	     37.8594
    239.8641	     37.7227
    239.9634	     37.5859
    240.0641	     37.4492
    240.1642	     37.3320
    240.2642	     37.2266
    240.3641	     37.1445
    240.4642	     37.0703
    240.5642	     37.0117
    240.6634	     36.9531
    240.7641	     36.8828
    240.8633	     36.8008
    240.9642	     36.7383
    241.0643	     36.8008
    241.1643	     36.9063
    241.2642	     37.0078
    241.3643	     37.0859
    241.4642	     37.1406
    241.5642	     37.1836
    241.6643	     37.2227
    241.7642	     37.2422
    241.8643	     37.2461
    241.9644	     37.2383
    242.0643	     37.2109
    242.1643	     37.1641
    242.2643	     37.1211
    242.3644	     37.0898
    242.4643	     37.0547
    242.5643	     37.0234
    242.6643	     36.9961
    242.7643	     36.9570
    242.8643	     36.9023
    242.9643	     36.8594
    243.0643	     36.8047
    243.1643	     36.7305
    243.2643	     36.6016
    243.3643	     36.4492
    243.4643	     36.3242
    243.5643	     36.2070
    243.6644	     36.0625
    243.7645	     35.8789
    243.8645	     35.6758
    243.9635	     35.4492
    244.0643	     35.2148
    244.1643	     35.0000
    244.2638	     34.8398
    244.3646	     34.7852
    244.4645	     34.8555
    244.5638	     34.9688
    244.6646	     35.0938
    244.7645	     35.2539
    244.8645	     35.4375
    244.9646	     35.6563
    245.0645	     35.9258
    245.1646	     36.2109
    245.2647	     36.4492
    245.3646	     36.5859
    245.4646	     36.7070
    245.5646	     36.9414
    245.6646	     37.2070
    245.7646	     37.4414
    245.8647	     37.6289
    245.9646	     37.8203
    246.0646	     37.9844
    246.1647	     38.1250
    246.2646	     38.2930
    246.3646	     38.5195
    246.4647	     38.7461
    246.5646	     38.9805
    246.6647	     39.1953
    246.7647	     39.3984
    246.8647	     39.6133
    246.9647	     39.8398
    247.0648	     40.0469
    247.1639	     40.1211
    247.2648	     40.0039
    247.3647	     39.7773
    247.4646	     39.5313
    247.5648	     39.3672
    247.6647	     39.2344
    247.7646	     39.1055
    247.8648	     38.9844
    247.9647	     38.8594
    248.0646	     38.7109
    248.1641	     38.5156
    248.2647	     38.2852
    248.3647	     38.0742
    248.4638	     37.8828
    248.5646	     37.7148
    248.6647	     37.5586
    248.7647	     37.4180
    248.8647	     37.2852
    248.9647	     37.1523
    249.0649	     37.0078
    249.1647	     36.8242
    249.2642	     36.5977
    249.3642	     36.3203
    249.4648	     36.0313
    249.5650	     35.7383
    249.6650	     35.4336
    249.7650	     35.1406
    249.8650	     34.8555
    249.9651	     34.5547
    250.0650	     34.2266
    250.1651	     33.9141
    250.2643	     33.6836
    250.3649	     33.5234
    250.4651	     33.4180
    250.5651	     33.3320
    250.6651	     33.2383
    250.7649	     33.1094
    250.8650	     32.9492
    250.9651	     32.7617
    251.0650	     32.5742
    251.1651	     32.3867
    251.2650	     32.1992
    251.3651	     32.0234
    251.4651	     31.8945
    251.5652	     31.8789
    251.6651	     31.9883
    251.7644	     32.1133
    251.8651	     32.2227
    251.9651	     32.2969
    252.0651	     32.3281
    252.1653	     32.3359
    252.2652	     32.3086
    252.3652	     32.2344
    252.4652	     32.1250
    252.5652	     32.0391
    252.6652	     31.9844
    252.7654	     31.9375
    252.8653	     31.8711
    252.9652	     31.7852
    253.0653	     31.6797
    253.1651	     31.5547
    253.2653	     31.4102
    253.3652	     31.2617
    253.4645	     31.1094
    253.5653	     30.9453
    253.6652	     30.7734
    253.7653	     30.6055
    253.8653	     30.4570
    253.9653	     30.3203
    254.0653	     30.1875
    254.1654	     30.0430
    254.2654	     29.8906
    254.3654	     29.7461
    254.4654	     29.6211
    254.5655	     29.5195
    254.6654	     29.4688
    254.7654	     29.4727
    254.8653	     29.4688
    254.9655	     29.4492
    255.0654	     29.4102
    255.1654	     29.3672
    255.2655	     29.3438
    255.3654	     29.3555
    255.4655	     29.3867
    255.5655	     29.4063
    255.6655	     29.3906
    255.7655	     29.3242
    255.8655	     29.1992
    255.9655	     28.9922
    256.0655	     28.7461
    256.1655	     28.5508
    256.2648	     28.4023
    256.3657	     28.2695
    256.4656	     28.2227
    256.5655	     28.2969
    256.6656	     28.4414
    256.7647	     28.6523
    256.8656	     28.9063
    256.9657	     29.1602
    257.0656	     29.4063
    257.1656	     29.6172
    257.2657	     29.7773
    257.3656	     29.8984
    257.4656	     29.9727
    257.5657	     30.0352
    257.6656	     30.1406
    257.7648	     30.2656
    257.8657	     30.3867
    257.9657	     30.5391
    258.0657	     30.7188
    258.1658	     30.8945
    258.2657	     31.0352
    258.3657	     31.1445
    258.4658	     31.2422
    258.5657	     31.3008
    258.6657	     31.2969
    258.7658	     31.2734
    258.8658	     31.2656
    258.9658	     31.2695
    259.0658	     31.2852
    259.1658	     31.3242
    259.2658	     31.3633
    259.3658	     31.3828
    259.4658	     31.3594
    259.5659	     31.2773
    259.6660	     31.1484
    259.7659	     31.0039
    259.8659	     30.8711
    259.9660	     30.7930
    260.0659	     30.8359
    260.1659	     31.0313
    260.2660	     31.3242
    260.3659	     31.7070
    260.4659	     32.0859
    260.5660	     32.4141
    260.6659	     32.6797
    260.7659	     32.8945
    260.8660	     33.0742
    260.9659	     33.2539
    261.0659	     33.4453
    261.1660	     33.6406
    261.2660	     33.8203
    261.3660	     33.9883
    261.4660	     34.1914
    261.5660	     34.4531
    261.6660	     34.7344
    261.7661	     35.0430
    261.8660	     35.4141
    261.9661	     35.8320
    262.0661	     36.2734
    262.1661	     36.6914
    262.2661	     37.0859
    262.3662	     37.4375
    262.4661	     37.7734
    262.5661	     38.1250
    262.6662	     38.4805
    262.7661	     38.8125
    262.8661	     39.1406
    262.9662	     39.4648
    263.0661	     39.7539
    263.1661	     39.9883
    263.2662	     40.1641
    263.3661	     40.2070
    263.4661	     40.0859
    263.5661	     39.9219
    263.6662	     39.8203
    263.7662	     39.8164
    263.8662	     39.7891
    263.9663	     39.7383
    264.0663	     39.6992
    264.1663	     39.6875
    264.2661	     39.6641
    264.3658	     39.6289
    264.4664	     39.5625
    264.5658	     39.4805
    264.6663	     39.3867
    264.7663	     39.2969
    264.8663	     39.2305
    264.9664	     39.1602
    265.0662	     39.0781
    265.1664	     38.9648
    265.2664	     38.8516
    265.3664	     38.7578
    265.4663	     38.6406
    265.5662	     38.4961
    265.6664	     38.3398
    265.7664	     38.1797
    265.8664	     38.0195
    265.9663	     37.8633
    266.0662	     37.7148
    266.1664	     37.5859
    266.2665	     37.4609
    266.3665	     37.3320
    266.4665	     37.1758
    266.5663	     37.0000
    266.6665	     36.8164
    266.7665	     36.6133
    266.8665	     36.4180
    266.9663	     36.3047
    267.0665	     36.2148
    267.1664	     36.1133
    267.2664	     35.9766
    267.3664	     35.8203
    267.4665	     35.6563
    267.5665	     35.4922
    267.6666	     35.3320
    267.7666	     35.1641
    267.8666	     34.9844
    267.9661	     34.8008
    268.0667	     34.6406
    268.1661	     34.5156
    268.2667	     34.3984
    268.3667	     34.2695
    268.4667	     34.1367
    268.5662	     34.0117
    268.6667	     33.9023
    268.7667	     33.8086
    268.8667	     33.7266
    268.9668	     33.6445
    269.0662	     33.5469
    269.1667	     33.4141
    269.2668	     33.2461
    269.3667	     33.0781
    269.4667	     32.9023
    269.5668	     32.7383
    269.6668	     32.6172
    269.7663	     32.5547
    269.8668	     32.5898
    269.9668	     32.6953
    270.0668	     32.8750
    270.1669	     33.1484
    270.2667	     33.5000
    270.3668	     33.8984
    270.4668	     34.3203
    270.5668	     34.7109
    270.6668	     35.0664
    270.7668	     35.3906
    270.8668	     35.7539
    270.9669	     36.1602
    271.0669	     36.6406
    271.1668	     37.2266
    271.2669	     37.9844
    271.3669	     38.6641
    271.4669	     39.1523
    271.5668	     39.5039
    271.6669	     39.8281
    271.7669	     40.1719
    271.8669	     40.5547
    271.9670	     40.9727
    272.0669	     41.4258
    272.1669	     41.9219
    272.2670	     42.4844
    272.3669	     43.1133
    272.4666	     43.7852
    272.5670	     44.4688
    272.6670	     45.1445
    272.7670	     45.7930
    272.8670	     46.4297
    272.9670	     47.0664
    273.0667	     47.6836
    273.1671	     48.2852
    273.2670	     48.8828
    273.3670	     49.4648
    273.4671	     49.9883
    273.5670	     50.3945
    273.6670	     50.6211
    273.7671	     50.6914
    273.8667	     50.6836
    273.9671	     50.6211
    274.0672	     50.5156
    274.1671	     50.3555
    274.2668	     50.1797
    274.3672	     50.0039
    274.4672	     49.9219
    274.5672	     49.8984
    274.6672	     49.8906
    274.7672	     49.8672
    274.8671	     49.8125
    274.9673	     49.7383
    275.0667	     49.6602
    275.1672	     49.6055
    275.2674	     49.5586
    275.3672	     49.5117
    275.4673	     49.4219
    275.5673	     49.2813
    275.6673	     49.1094
    275.7668	     48.9219
    275.8671	     48.7578
    275.9671	     48.6328
    276.0673	     48.5469
    276.1673	     48.4688
    276.2673	     48.3867
    276.3674	     48.2813
    276.4673	     48.1445
    276.5674	     47.9922
    276.6674	     47.8477
    276.7672	     47.7148
    276.8672	     47.5859
    276.9674	     47.4531
    277.0675	     47.3086
    277.1674	     47.1563
    277.2675	     47.0078
    277.3675	     46.8633
    277.4675	     46.7422
    277.5675	     46.6328
    277.6673	     46.5352
    277.7675	     46.4375
    277.8675	     46.3086
    277.9675	     46.1484
    278.0675	     45.9805
    278.1675	     45.8477
    278.2674	     45.7539
    278.3675	     45.6680
    278.4675	     45.5938
    278.5676	     45.5117
    278.6675	     45.4023
    278.7676	     45.3086
    278.8676	     45.2266
    278.9671	     45.1055
    279.0676	     44.9375
    279.1676	     44.7305
    279.2676	     44.4883
    279.3671	     44.2188
    279.4676	     43.9336
    279.5676	     43.6563
    279.6676	     43.3984
    279.7677	     43.1719
    279.8676	     43.0000
    279.9677	     42.8750
    280.0677	     42.7813
    280.1677	     42.6914
    280.2677	     42.5820
    280.3677	     42.4297
    280.4677	     42.2461
    280.5677	     42.0430
    280.6677	     41.8438
    280.7677	     41.6758
    280.8677	     41.5313
    280.9677	     41.3906
    281.0677	     41.2578
    281.1677	     41.1289
    281.2678	     40.9961
    281.3678	     40.8594
    281.4678	     40.7188
    281.5678	     40.5781
    281.6678	     40.4258
    281.7674	     40.2500
    281.8678	     40.0547
    281.9678	     39.8438
    282.0678	     39.6172
    282.1678	     39.3984
    282.2678	     39.1875
    282.3678	     38.9727
    282.4678	     38.7383
    282.5677	     38.4961
    282.6679	     38.2578
    282.7679	     38.0195
    282.8674	     37.7813
    282.9679	     37.5625
    283.0678	     37.4102
    283.1679	     37.3398
    283.2679	     37.3828
    283.3679	     37.4805
    283.4675	     37.5898
    283.5679	     37.6875
    283.6679	     37.8008
    283.7679	     37.9766
    283.8679	     38.1719
    283.9679	     38.3594
    284.0679	     38.5000
    284.1680	     38.6133
    284.2680	     38.6563
    284.3680	     38.6289
    284.4680	     38.5625
    284.5680	     38.4922
    284.6677	     38.4219
    284.7677	     38.3438
    284.8679	     38.2461
    284.9680	     38.1172
    285.0676	     37.9883
    285.1680	     37.8984
    285.2677	     37.8633
    285.3680	     37.8359
    285.4680	     37.7969
    285.5680	     37.7773
    285.6678	     37.7930
    285.7678	     37.8203
    285.8681	     37.8203
    285.9680	     37.8008
    286.0681	     37.7813
    286.1681	     37.7656
    286.2678	     37.7500
    286.3681	     37.7188
    286.4681	     37.6719
    286.5677	     37.6250
    286.6681	     37.5859
    286.7679	     37.5664
    286.8679	     37.5742
    286.9681	     37.5859
    287.0679	     37.6055
    287.1679	     37.6133
    287.2682	     37.6016
    287.3679	     37.5547
    287.4679	     37.5195
    287.5682	     37.4961
    287.6679	     37.4688
    287.7679	     37.4219
    287.8679	     37.3555
    287.9681	     37.2656
    288.0682	     37.1641
    288.1680	     37.0859
    288.2679	     37.0742
    288.3680	     37.0625
    288.4682	     37.0547
    288.5680	     37.0820
    288.6680	     37.1563
    288.7680	     37.2969
    288.8680	     37.5234
    288.9680	     37.8047
    289.0680	     38.1094
    289.1680	     38.4102
    289.2680	     38.7188
    289.3680	     39.0039
    289.4680	     39.3125
    289.5680	     39.6563
    289.6680	     40.0313
    289.7680	     40.4531
    289.8681	     40.8750
    289.9681	     41.2852
    290.0681	     41.6680
    290.1681	     42.0820
    290.2681	     42.5039
    290.3681	     42.9492
    290.4681	     43.3945
    290.5681	     43.8203
    290.6681	     44.2305
    290.7681	     44.6289
    290.8681	     45.0078
    290.9681	     45.3906
    291.0681	     45.7773
    291.1681	     46.1680
    291.2682	     46.5664
    291.3682	     46.9883
    291.4682	     47.3984
    291.5682	     47.7539
    291.6682	     48.0703
    291.7682	     48.3477
    291.8682	     48.6289
    291.9682	     48.9141
    292.0682	     49.1992
    292.1682	     49.4531
    292.2682	     49.6211
    292.3682	     49.6836
    292.4682	     49.6875
    292.5682	     49.6992
    292.6682	     49.7500
    292.7683	     49.8281
    292.8683	     49.8984
    292.9683	     49.9258
    293.0683	     49.9219
    293.1683	     49.8945
    293.2683	     49.8750
    293.3683	     49.8828
    293.4683	     49.9336
    293.5684	     49.9961
    293.6683	     50.0430
    293.7683	     50.0547
    293.8683	     50.0352
    293.9683	     50.0117
    294.0683	     49.9883
    294.1684	     49.9766
    294.2684	     49.9648
    294.3684	     49.9688
    294.4684	     50.0078
    294.5684	     50.0391
    294.6684	     50.0391
    294.7685	     49.9844
    294.8684	     49.8789
    294.9684	     49.7461
    295.0684	     49.6484
    295.1684	     49.5781
    295.2685	     49.4883
    295.3685	     49.3867
    295.4685	     49.2891
    295.5685	     49.1953
    295.6685	     49.0977
    295.7685	     48.9961
    295.8685	     48.8867
    295.9686	     48.7578
    296.0685	     48.6172
    296.1686	     48.4727
    296.2686	     48.3438
    296.3686	     48.2188
    296.4686	     48.0742
    296.5686	     47.9258
    296.6686	     47.7617
    296.7685	     47.6016
    296.8687	     47.4336
    296.9686	     47.2422
    297.0686	     47.0625
    297.1687	     46.8984
    297.2686	     46.7344
    297.3687	     46.6016
    297.4687	     46.4961
    297.5686	     46.4063
    297.6686	     46.3281
    297.7688	     46.2656
    297.8686	     46.1914
    297.9687	     46.1055
    298.0688	     46.0391
    298.1687	     45.9805
    298.2686	     45.8867
    298.3691	     45.7461
    298.4687	     45.5391
    298.5687	     45.2734
    298.6688	     45.0234
    298.7688	     44.8203
    298.8688	     44.6641
    298.9692	     44.5430
    299.0688	     44.4336
    299.1688	     44.3008
    299.2692	     44.1445
    299.3687	     43.9766
    299.4688	     43.7891
    299.5692	     43.5898
    299.6691	     43.3906
    299.7687	     43.1992
    299.8692	     43.0039
    299.9689	     42.8086
    300.0689	     42.6094
    300.1693	     42.4414
    300.2689	     42.3203
    300.3693	     42.2188
    300.4693	     42.1094
    300.5689	     42.0156
    300.6692	     41.9023
    300.7693	     41.7500
    300.8690	     41.5742
    300.9693	     41.4023
    301.0693	     41.2461
    301.1693	     41.1055
    301.2693	     40.9531
    301.3694	     40.7891
    301.4690	     40.6133
    301.5690	     40.4531
    301.6694	     40.2969
    301.7689	     40.1406
    301.8691	     39.9805
    301.9691	     39.8281
    302.0694	     39.7109
    302.1690	     39.5938
    302.2695	     39.4805
    302.3694	     39.3711
    302.4694	     39.2656
    302.5689	     39.1445
    302.6691	     39.0078
    302.7692	     38.8516
    302.8695	     38.6719
    302.9689	     38.4844
    303.0690	     38.2891
    303.1696	     38.0430
    303.2695	     37.7695
    303.3696	     37.4805
    303.4696	     37.1719
    303.5692	     36.8516
    303.6693	     36.5703
    303.7696	     36.4023
    303.8690	     36.3555
    303.9696	     36.3711
    304.0696	     36.4883
    304.1696	     36.7031
    304.2692	     36.9648
    304.3696	     37.2266
    304.4692	     37.4414
    304.5692	     37.6328
    304.6692	     37.8516
    304.7693	     38.0703
    304.8693	     38.2109
    304.9696	     38.2383
    305.0693	     38.2500
    305.1693	     38.4063
    305.2693	     38.6211
    305.3693	     38.8359
    305.4693	     39.0273
    305.5694	     39.2148
    305.6693	     39.3867
    305.7694	     39.5352
    305.8694	     39.7383
    305.9694	     39.9570
    306.0694	     40.1641
    306.1694	     40.3711
    306.2694	     40.5703
    306.3694	     40.7734
    306.4694	     40.9766
    306.5694	     41.1953
    306.6694	     41.4414
    306.7695	     41.6836
    306.8694	     41.9063
    306.9695	     42.1211
    307.0695	     42.3398
    307.1695	     42.5547
    307.2695	     42.7617
    307.3695	     42.9492
    307.4695	     43.0859
    307.5694	     43.1563
    307.6695	     43.1406
    307.7695	     43.0508
    307.8695	     42.9023
    307.9694	     42.7500
    308.0695	     42.6289
    308.1695	     42.5117
    308.2694	     42.4023
    308.3695	     42.2969
    308.4696	     42.2070
    308.5695	     42.1367
    308.6696	     42.0469
    308.7695	     41.9023
    308.8696	     41.7227
    308.9696	     41.5391
    309.0697	     41.3867
    309.1696	     41.2617
    309.2697	     41.1367
    309.3696	     40.9922
    309.4697	     40.8320
    309.5696	     40.6719
    309.6695	     40.5273
    309.7698	     40.3828
    309.8695	     40.2344
    309.9698	     40.0664
    310.0701	     39.8906
    310.1698	     39.7031
    310.2697	     39.5273
    310.3702	     39.3672
    310.4698	     39.2266
    310.5696	     39.1094
    310.6698	     39.0039
    310.7699	     38.8867
    310.8696	     38.7500
    310.9697	     38.6055
    311.0697	     38.4492
    311.1698	     38.2734
    311.2697	     38.0977
    311.3698	     37.9414
    311.4699	     37.8008
    311.5698	     37.6641
    311.6697	     37.5156
    311.7699	     37.3555
    311.8698	     37.1992
    311.9699	     37.0391
    312.0699	     36.8867
    312.1699	     36.7383
    312.2700	     36.5781
    312.3697	     36.4258
    312.4700	     36.2891
    312.5700	     36.1523
    312.6698	     35.9648
    312.7699	     35.7148
    312.8698	     35.4102
    312.9700	     35.0664
    313.0699	     34.7227
    313.1699	     34.3828
    313.2700	     34.0586
    313.3701	     33.7383
    313.4698	     33.4219
    313.5700	     33.0938
    313.6700	     32.7305
    313.7701	     32.3516
    313.8700	     31.9609
    313.9701	     31.5547
    314.0699	     31.1172
    314.1700	     30.6172
    314.2701	     30.0664
    314.3701	     29.5000
    314.4701	     28.9453
    314.5702	     28.4297
    314.6701	     27.9492
    314.7701	     27.4961
    314.8701	     27.0664
    314.9700	     26.6563
    315.0701	     26.2461
    315.1699	     25.8281
    315.2700	     25.4023
    315.3699	     24.9844
    315.4701	     24.5625
    315.5700	     24.1563
    315.6701	     23.8125
    315.7701	     23.5625
    315.8701	     23.3867
    315.9701	     23.2617
    316.0702	     23.1719
    316.1702	     23.0859
    316.2703	     23.0039
    316.3702	     22.9336
    316.4701	     22.8398
    316.5702	     22.7070
    316.6702	     22.6016
    316.7702	     22.5117
    316.8704	     22.4297
    316.9703	     22.3516
    317.0702	     22.2813
    317.1702	     22.2266
    317.2703	     22.1992
    317.3702	     22.2109
    317.4701	     22.2500
    317.5704	     22.2500
    317.6701	     22.1328
    317.7705	     21.9102
    317.8705	     21.6758
    317.9704	     21.5195
    318.0703	     21.5703
    318.1705	     21.8203
    318.2702	     22.0898
    318.3703	     22.2031
    318.4705	     22.1445
    318.5706	     22.0313
    318.6704	     22.0039
    318.7703	     22.0547
    318.8705	     22.1094
    318.9705	     22.1758
    319.0704	     22.2852
    319.1705	     22.4648
    319.2703	     22.6992
    319.3706	     22.9688
    319.4704	     23.2305
    319.5707	     23.4688
    319.6706	     23.6602
    319.7706	     23.8438
    319.8705	     24.0313
    319.9704	     24.2227
    320.0707	     24.3945
    320.1704	     24.5352
    320.2707	     24.6367
    320.3705	     24.7188
    320.4705	     24.7891
    320.5705	     24.8555
    320.6706	     24.9023
    320.7705	     24.8984
    320.8706	     24.8242
    320.9705	     24.7188
    321.0708	     24.6328
    321.1707	     24.5820
    321.2705	     24.5820
    321.3706	     24.5391
    321.4706	     24.4336
    321.5706	     24.3477
    321.6708	     24.2813
    321.7707	     24.2344
    321.8708	     24.1836
    321.9707	     24.1172
    322.0709	     24.0313
    322.1707	     23.9492
    322.2708	     23.8711
    322.3710	     23.7813
    322.4715	     23.6406
    322.5707	     23.4492
    322.6707	     23.2617
    322.7708	     23.0898
    322.8707	     22.9297
    322.9708	     22.7695
    323.0708	     22.6055
    323.1708	     22.4336
    323.2708	     22.2500
    323.3708	     22.0664
    323.4708	     21.8867
    323.5709	     21.7031
    323.6709	     21.5195
    323.7710	     21.3359
    323.8709	     21.1602
    323.9709	     20.9844
    324.0710	     20.8125
    324.1710	     20.6484
    324.2710	     20.4922
    324.3710	     20.3359
    324.4710	     20.1328
    324.5710	     19.8633
    324.6710	     19.5391
    324.7710	     19.1484
    324.8710	     18.7188
    324.9712	     18.2461
    325.0710	     17.7500
    325.1710	     17.2734
    325.2710	     16.8086
    325.3710	     16.3359
    325.4710	     15.8555
    325.5711	     15.3711
    325.6711	     14.8945
    325.7711	     14.4453
    325.8711	     14.0352
    325.9717	     13.6719
    326.0711	     13.3789
    326.1711	     13.1523
    326.2711	     12.9922
    326.3711	     12.8633
    326.4711	     12.7578
    326.5713	     12.6641
    326.6711	     12.5820
    326.7712	     12.5117
    326.8713	     12.4531
    326.9712	     12.4063
    327.0712	     12.3672
    327.1712	     12.3398
    327.2712	     12.2617
    327.3712	     12.1055
    327.4713	     11.9336
    327.5712	     11.8008
    327.6712	     11.7266
    327.7713	     11.6602
    327.8712	     11.5898
    327.9713	     11.5195
    328.0713	     11.4453
    328.1713	     11.3750
    328.2712	     11.3086
    328.3713	     11.2422
    328.4713	     11.1836
    328.5713	     11.1367
    328.6713	     11.0977
    328.7713	     11.0742
    328.8714	     11.0547
    328.9713	     11.0273
    329.0713	     11.0000
    329.1714	     10.9648
    329.2714	     10.9180
    329.3716	     10.8633
    329.4715	     10.8047
    329.5716	     10.7422
    329.6714	     10.6992
    329.7716	     10.6719
    329.8716	     10.6523
    329.9716	     10.6328
    330.0716	     10.5703
    330.1714	     10.4531
    330.2714	     10.2813
    330.3715	     10.0469
    330.4714	      9.7969
    330.5716	      9.5742
    330.6717	      9.3984
    330.7715	      9.2734
    330.8716	      9.1953
    330.9717	      9.1367
    331.0715	      9.0664
    331.1715	      8.9570
    331.2715	      8.8047
    331.3717	      8.6016
    331.4717	      8.3516
    331.5717	      8.0938
    331.6715	      7.8164
    331.7716	      7.5117
    331.8716	      7.2031
    331.9716	      6.9102
    332.0717	      6.6563
    332.1717	      6.4492
    332.2716	      6.2695
    332.3717	      5.9141
    332.4717	      5.3242
    332.5717	      4.6172
    332.6717	      3.9414
    332.7717	      3.3398
    332.8717	      2.8750
    332.9717	      2.5039
    333.0717	      2.2305
    333.1718	      2.0664
    333.2718	      1.9805
    333.3718	      1.9531
    333.4718	      1.9570
    333.5718	      1.9688
    333.6718	      1.9844
    333.7719	      1.9961
    333.8719	      1.9570
    333.9718	      1.6172
    334.0718	      1.1055
    334.1719	      0.6172
    334.2719	      0.2656
    334.3719	      0.0508
    334.4719	      0.0000
    334.5719	      0.0000
    334.6719	      0.0000
    334.7719	      0.0000
    334.8719	      0.0000
    334.9719	      0.0000
    335.0720	      0.0000
    335.1720	      0.0000
    335.2720	      0.0039
