﻿Time_s      	WheelBasedVehicleSpd
      0.1226	      0.0000
      0.2225	      0.0000
      0.3226	      0.0000
      0.4225	      0.0000
      0.5225	      0.0000
      0.6225	      0.0000
      0.7229	      0.0000
      0.8225	      0.0000
      0.9226	      0.0000
      1.0226	      0.0000
      1.1226	      0.0000
      1.2226	      0.0000
      1.3230	      0.0000
      1.4226	      0.0000
      1.5227	      0.0000
      1.6227	      0.0000
      1.7226	      0.0000
      1.8226	      0.0000
      1.9230	      0.0000
      2.0226	      0.0000
      2.1227	      0.0000
      2.2230	      0.0000
      2.3227	      0.0000
      2.4227	      0.0000
      2.5231	      0.0000
      2.6227	      0.0000
      2.7227	      0.0000
      2.8228	      0.0000
      2.9227	      0.0000
      3.0228	      0.0000
      3.1232	      0.0000
      3.2227	      0.0000
      3.3228	      0.0000
      3.4231	      0.0000
      3.5228	      0.0000
      3.6228	      0.0000
      3.7231	      0.0000
      3.8227	      0.0000
      3.9228	      0.0000
      4.0232	      0.0000
      4.1228	      0.0000
      4.2228	      0.0000
      4.3233	      0.0000
      4.4228	      0.0000
      4.5232	      0.0000
      4.6233	      0.0000
      4.7232	      0.0000
      4.8232	      0.0000
      4.9233	      0.0000
      5.0233	      0.0000
      5.1229	      0.0000
      5.2233	      0.0000
      5.3230	      0.0000
      5.4233	      0.0000
      5.5233	      0.0000
      5.6235	      0.0000
      5.7233	      0.0000
      5.8233	      0.0000
      5.9234	      0.0000
      6.0230	      0.0000
      6.1234	      0.0000
      6.2230	      0.0000
      6.3234	      0.0000
      6.4233	      0.0000
      6.5233	      0.0000
      6.6234	      0.0000
      6.7234	      0.0000
      6.8234	      0.0000
      6.9234	      0.0000
      7.0235	      0.0000
      7.1234	      0.0000
      7.2234	      0.0000
      7.3235	      0.0000
      7.4234	      0.0000
      7.5235	      0.0000
      7.6235	      0.0000
      7.7234	      0.0000
      7.8235	      0.0000
      7.9235	      0.0000
      8.0235	      0.0000
      8.1235	      0.0000
      8.2235	      0.0000
      8.3235	      0.0000
      8.4235	      0.0000
      8.5236	      0.0000
      8.6232	      0.0000
      8.7236	      0.0000
      8.8236	      0.0000
      8.9235	      0.0000
      9.0235	      0.0000
      9.1237	      0.0000
      9.2235	      0.0000
      9.3236	      0.0000
      9.4237	      0.0000
      9.5236	      0.0000
      9.6236	      0.0000
      9.7237	      0.0000
      9.8236	      0.0000
      9.9237	      0.0000
     10.0238	      0.0000
     10.1237	      0.0000
     10.2237	      0.0000
     10.3238	      0.0000
     10.4236	      0.0000
     10.5237	      0.0000
     10.6238	      0.0000
     10.7237	      0.0000
     10.8238	      0.0000
     10.9238	      0.0000
     11.0237	      0.0000
     11.1238	      0.0000
     11.2238	      0.0000
     11.3238	      0.0000
     11.4238	      0.0000
     11.5238	      0.0000
     11.6237	      0.0000
     11.7238	      0.0000
     11.8238	      0.0000
     11.9238	      0.0000
     12.0239	      0.0000
     12.1239	      0.0000
     12.2239	      0.0000
     12.3239	      0.0000
     12.4239	      0.0000
     12.5238	      0.0000
     12.6238	      0.0000
     12.7240	      0.0000
     12.8238	      0.0000
     12.9239	      0.0000
     13.0240	      0.0000
     13.1239	      0.0000
     13.2240	      0.0000
     13.3240	      0.0000
     13.4239	      0.0000
     13.5240	      0.0000
     13.6241	      0.0000
     13.7239	      0.0000
     13.8240	      0.0000
     13.9241	      0.0000
     14.0240	      0.0000
     14.1240	      0.0000
     14.2241	      0.0000
     14.3240	      0.0000
     14.4241	      0.0000
     14.5242	      0.0000
     14.6240	      0.0000
     14.7241	      0.0000
     14.8241	      0.0000
     14.9240	      0.0000
     15.0241	      0.0000
     15.1242	      0.0000
     15.2241	      0.0000
     15.3241	      0.0000
     15.4242	      0.0000
     15.5240	      0.0000
     15.6241	      0.0000
     15.7242	      0.0000
     15.8242	      0.0000
     15.9242	      0.0000
     16.0243	      0.0000
     16.1242	      0.0000
     16.2242	      0.0000
     16.3242	      0.0000
     16.4242	      0.0000
     16.5242	      0.0000
     16.6243	      0.0000
     16.7242	      0.0000
     16.8243	      0.0000
     16.9244	      0.0000
     17.0243	      0.0000
     17.1243	      0.0000
     17.2244	      0.0000
     17.3243	      0.0000
     17.4243	      0.0000
     17.5244	      0.0000
     17.6242	      0.0000
     17.7243	      0.0000
     17.8244	      0.0000
     17.9245	      0.0000
     18.0244	      0.0000
     18.1245	      0.0000
     18.2244	      0.0000
     18.3244	      0.0000
     18.4244	      0.0000
     18.5244	      0.0000
     18.6244	      0.0000
     18.7245	      0.0000
     18.8244	      0.0000
     18.9245	      0.0000
     19.0246	      0.0000
     19.1244	      0.0000
     19.2245	      0.0000
     19.3245	      0.0000
     19.4244	      0.0000
     19.5245	      0.0000
     19.6246	      0.0000
     19.7245	      0.0000
     19.8245	      0.0000
     19.9248	      0.0000
     20.0244	      0.0000
     20.1246	      0.0000
     20.2245	      0.0000
     20.3246	      0.0000
     20.4245	      0.0000
     20.5246	      0.0000
     20.6245	      0.0000
     20.7245	      0.0000
     20.8246	      0.0000
     20.9247	      0.0000
     21.0247	      0.0000
     21.1248	      0.0000
     21.2247	      0.0000
     21.3247	      0.0000
     21.4248	      0.0000
     21.5247	      0.0000
     21.6248	      0.0000
     21.7248	      0.0000
     21.8248	      0.0000
     21.9248	      0.0000
     22.0249	      0.0000
     22.1248	      0.0000
     22.2248	      0.0039
     22.3249	      0.2305
     22.4248	      0.8242
     22.5248	      1.5391
     22.6249	      2.1758
     22.7249	      2.6484
     22.8249	      2.9844
     22.9250	      3.2578
     23.0249	      3.4844
     23.1249	      3.6406
     23.2250	      3.7227
     23.3249	      3.7930
     23.4249	      3.9023
     23.5250	      4.0703
     23.6249	      4.2891
     23.7250	      4.5547
     23.8250	      4.8594
     23.9250	      5.1719
     24.0249	      5.4648
     24.1251	      5.7383
     24.2250	      6.0117
     24.3250	      6.2813
     24.4251	      6.5234
     24.5250	      6.7266
     24.6250	      6.8984
     24.7251	      7.0664
     24.8250	      7.2227
     24.9251	      7.3711
     25.0251	      7.5078
     25.1251	      7.6367
     25.2251	      7.7617
     25.3252	      7.9023
     25.4251	      8.0508
     25.5251	      8.1992
     25.6252	      8.3555
     25.7251	      8.5156
     25.8251	      8.6680
     25.9252	      8.8203
     26.0251	      8.9727
     26.1252	      9.1250
     26.2252	      9.2773
     26.3251	      9.4258
     26.4252	      9.5742
     26.5253	      9.7344
     26.6252	      9.9063
     26.7252	     10.0781
     26.8253	     10.2539
     26.9253	     10.4336
     27.0252	     10.6172
     27.1253	     10.8047
     27.2252	     10.9922
     27.3252	     11.1758
     27.4253	     11.3477
     27.5253	     11.5117
     27.6253	     11.6641
     27.7254	     11.8164
     27.8253	     11.9609
     27.9254	     12.0977
     28.0254	     12.2266
     28.1254	     12.3516
     28.2253	     12.4766
     28.3255	     12.5938
     28.4253	     12.7031
     28.5254	     12.8125
     28.6255	     12.9219
     28.7254	     13.0273
     28.8254	     13.1289
     28.9255	     13.2305
     29.0254	     13.3438
     29.1254	     13.4609
     29.2255	     13.5781
     29.3254	     13.6914
     29.4254	     13.8008
     29.5255	     13.8984
     29.6254	     13.9883
     29.7255	     14.0703
     29.8256	     14.1563
     29.9255	     14.2383
     30.0255	     14.3125
     30.1256	     14.3711
     30.2255	     14.4219
     30.3255	     14.4688
     30.4256	     14.5234
     30.5255	     14.5898
     30.6255	     14.6602
     30.7257	     14.7344
     30.8255	     14.8008
     30.9256	     14.8594
     31.0257	     14.9102
     31.1256	     14.9766
     31.2256	     15.0625
     31.3257	     15.1563
     31.4256	     15.2383
     31.5256	     15.3125
     31.6258	     15.3828
     31.7256	     15.4570
     31.8257	     15.5273
     31.9258	     15.6016
     32.0257	     15.6719
     32.1257	     15.7344
     32.2258	     15.7734
     32.3257	     15.7891
     32.4257	     15.7852
     32.5258	     15.7578
     32.6257	     15.7188
     32.7257	     15.6875
     32.8257	     15.6758
     32.9257	     15.6836
     33.0258	     15.6953
     33.1258	     15.6953
     33.2257	     15.6836
     33.3258	     15.6719
     33.4259	     15.6680
     33.5258	     15.6758
     33.6258	     15.6914
     33.7259	     15.7266
     33.8258	     15.7852
     33.9259	     15.8594
     34.0259	     15.9375
     34.1258	     16.0039
     34.2258	     16.0703
     34.3259	     16.1484
     34.4258	     16.2461
     34.5259	     16.3555
     34.6260	     16.4727
     34.7259	     16.5938
     34.8259	     16.7109
     34.9261	     16.8320
     35.0259	     16.9492
     35.1259	     17.0703
     35.2260	     17.1992
     35.3259	     17.3633
     35.4259	     17.6055
     35.5261	     17.9023
     35.6260	     18.2031
     35.7260	     18.4883
     35.8261	     18.7734
     35.9261	     19.0703
     36.0260	     19.3594
     36.1261	     19.6445
     36.2260	     19.9180
     36.3260	     20.1758
     36.4261	     20.4141
     36.5260	     20.6445
     36.6261	     20.8789
     36.7262	     21.1172
     36.8261	     21.3633
     36.9262	     21.6211
     37.0262	     21.8906
     37.1261	     22.1563
     37.2261	     22.4141
     37.3262	     22.6563
     37.4261	     22.8828
     37.5261	     23.0234
     37.6262	     23.0234
     37.7261	     22.9375
     37.8262	     22.8711
     37.9264	     22.8438
     38.0262	     22.8281
     38.1261	     22.8125
     38.2264	     22.7891
     38.3260	     22.7617
     38.4262	     22.7852
     38.5263	     22.9023
     38.6262	     23.1211
     38.7263	     23.4219
     38.8264	     23.8047
     38.9264	     24.2656
     39.0263	     24.7813
     39.1264	     25.3125
     39.2263	     25.8359
     39.3263	     26.3438
     39.4264	     26.8203
     39.5263	     27.2227
     39.6263	     27.5234
     39.7264	     27.7227
     39.8263	     27.8398
     39.9264	     27.8828
     40.0264	     27.8633
     40.1263	     27.8164
     40.2264	     27.7813
     40.3265	     27.7852
     40.4264	     27.8242
     40.5265	     27.8555
     40.6265	     27.8555
     40.7264	     27.8242
     40.8265	     27.7813
     40.9267	     27.7188
     41.0263	     27.6211
     41.1264	     27.5313
     41.2264	     27.4648
     41.3263	     27.4180
     41.4265	     27.3906
     41.5266	     27.3867
     41.6265	     27.3789
     41.7266	     27.3594
     41.8267	     27.3203
     41.9267	     27.2617
     42.0264	     27.1875
     42.1267	     27.1133
     42.2267	     27.0508
     42.3267	     27.0039
     42.4268	     26.9609
     42.5266	     26.9297
     42.6266	     26.8906
     42.7268	     26.8125
     42.8266	     26.7266
     42.9268	     26.6563
     43.0268	     26.5859
     43.1267	     26.5234
     43.2268	     26.4805
     43.3268	     26.4453
     43.4267	     26.3711
     43.5267	     26.2578
     43.6268	     26.1367
     43.7267	     26.0117
     43.8268	     25.8945
     43.9270	     25.7930
     44.0266	     25.7773
     44.1267	     25.9063
     44.2269	     26.0664
     44.3267	     26.1836
     44.4267	     26.2656
     44.5269	     26.3242
     44.6268	     26.3633
     44.7268	     26.3711
     44.8269	     26.3477
     44.9268	     26.2969
     45.0267	     26.2461
     45.1268	     26.2109
     45.2268	     26.1914
     45.3268	     26.1641
     45.4270	     26.1328
     45.5267	     26.1133
     45.6268	     26.1289
     45.7270	     26.1641
     45.8268	     26.1992
     45.9270	     26.2305
     46.0270	     26.2773
     46.1269	     26.3398
     46.2269	     26.4180
     46.3270	     26.5078
     46.4269	     26.5977
     46.5269	     26.6914
     46.6270	     26.7891
     46.7269	     26.8867
     46.8270	     26.9805
     46.9272	     27.0703
     47.0269	     27.1641
     47.1270	     27.2578
     47.2271	     27.3477
     47.3270	     27.4297
     47.4270	     27.5039
     47.5271	     27.5742
     47.6270	     27.6719
     47.7270	     27.8164
     47.8272	     28.0078
     47.9271	     28.2461
     48.0270	     28.5313
     48.1272	     28.8398
     48.2271	     29.1563
     48.3271	     29.4648
     48.4272	     29.7617
     48.5271	     30.0625
     48.6272	     30.3789
     48.7272	     30.6992
     48.8271	     31.0000
     48.9272	     31.2852
     49.0272	     31.5703
     49.1272	     31.8594
     49.2272	     32.1406
     49.3273	     32.4141
     49.4272	     32.7070
     49.5272	     32.8477
     49.6273	     32.7695
     49.7272	     32.6055
     49.8272	     32.4805
     49.9274	     32.4180
     50.0271	     32.3906
     50.1273	     32.3867
     50.2274	     32.3711
     50.3273	     32.3398
     50.4274	     32.2813
     50.5274	     32.2109
     50.6273	     32.1367
     50.7273	     32.0820
     50.8274	     32.0469
     50.9274	     31.9961
     51.0271	     31.9453
     51.1275	     31.9063
     51.2274	     31.9102
     51.3273	     31.9727
     51.4274	     32.1133
     51.5273	     32.3438
     51.6273	     32.6289
     51.7274	     33.0195
     51.8273	     33.5039
     51.9275	     34.0469
     52.0275	     34.6016
     52.1274	     35.1406
     52.2274	     35.6328
     52.3275	     36.0586
     52.4274	     36.4141
     52.5274	     36.7500
     52.6275	     37.0781
     52.7274	     37.4102
     52.8274	     37.7422
     52.9277	     38.0273
     53.0274	     38.2344
     53.1275	     38.3672
     53.2276	     38.5039
     53.3274	     38.6680
     53.4275	     38.8477
     53.5276	     39.0117
     53.6275	     39.1406
     53.7275	     39.2305
     53.8276	     39.2695
     53.9277	     39.3125
     54.0275	     39.3633
     54.1277	     39.3984
     54.2275	     39.4063
     54.3276	     39.3789
     54.4277	     39.3320
     54.5274	     39.3203
     54.6274	     39.3203
     54.7277	     39.3164
     54.8277	     39.2734
     54.9278	     39.2070
     55.0276	     39.1250
     55.1277	     39.0078
     55.2277	     38.8906
     55.3278	     38.7539
     55.4277	     38.6367
     55.5277	     38.5703
     55.6279	     38.5313
     55.7280	     38.5078
     55.8275	     38.4961
     55.9279	     38.4648
     56.0278	     38.3945
     56.1278	     38.3008
     56.2279	     38.1953
     56.3278	     38.0859
     56.4278	     37.9688
     56.5277	     37.8477
     56.6278	     37.7148
     56.7279	     37.5625
     56.8280	     37.3945
     56.9280	     37.2344
     57.0279	     37.0781
     57.1278	     36.9180
     57.2279	     36.7500
     57.3279	     36.5703
     57.4280	     36.4063
     57.5280	     36.2734
     57.6277	     36.1680
     57.7280	     36.0625
     57.8279	     35.9336
     57.9281	     35.7930
     58.0281	     35.6406
     58.1280	     35.5000
     58.2280	     35.3867
     58.3281	     35.2969
     58.4280	     35.2070
     58.5280	     35.1172
     58.6281	     35.0430
     58.7280	     34.9844
     58.8281	     34.9180
     58.9281	     34.7969
     59.0281	     34.6445
     59.1281	     34.5313
     59.2281	     34.4570
     59.3281	     34.4102
     59.4279	     34.3789
     59.5280	     34.3711
     59.6281	     34.3789
     59.7280	     34.3555
     59.8280	     34.2813
     59.9282	     34.1719
     60.0281	     34.0508
     60.1282	     33.9297
     60.2279	     33.7734
     60.3282	     33.5703
     60.4282	     33.3906
     60.5280	     33.2422
     60.6282	     33.1250
     60.7281	     33.0430
     60.8282	     32.9805
     60.9282	     32.9258
     61.0283	     32.8633
     61.1282	     32.7852
     61.2282	     32.6992
     61.3283	     32.6172
     61.4283	     32.5352
     61.5283	     32.4688
     61.6283	     32.3867
     61.7283	     32.2813
     61.8283	     32.1680
     61.9283	     32.0508
     62.0281	     31.9453
     62.1283	     31.8672
     62.2284	     31.8125
     62.3281	     31.7734
     62.4281	     31.7383
     62.5284	     31.6914
     62.6284	     31.6328
     62.7282	     31.5664
     62.8284	     31.5078
     62.9283	     31.4727
     63.0284	     31.4375
     63.1284	     31.3438
     63.2282	     31.2109
     63.3284	     31.0898
     63.4284	     30.9844
     63.5284	     30.8945
     63.6284	     30.8086
     63.7284	     30.7500
     63.8284	     30.7422
     63.9284	     30.6875
     64.0285	     30.5742
     64.1285	     30.4883
     64.2285	     30.4883
     64.3285	     30.5273
     64.4285	     30.5781
     64.5285	     30.6250
     64.6285	     30.6641
     64.7285	     30.6992
     64.8285	     30.7227
     64.9285	     30.7461
     65.0285	     30.7813
     65.1285	     30.8164
     65.2285	     30.8594
     65.3285	     30.9336
     65.4285	     31.0781
     65.5286	     31.2969
     65.6285	     31.5547
     65.7286	     31.7773
     65.8286	     31.9180
     65.9286	     31.9805
     66.0286	     31.9883
     66.1286	     31.9219
     66.2286	     31.7891
     66.3286	     31.6289
     66.4286	     31.5117
     66.5286	     31.4609
     66.6286	     31.4492
     66.7286	     31.4414
     66.8286	     31.4219
     66.9286	     31.4063
     67.0286	     31.4258
     67.1287	     31.4766
     67.2287	     31.5313
     67.3287	     31.5898
     67.4287	     31.6289
     67.5287	     31.6445
     67.6287	     31.6484
     67.7287	     31.6758
     67.8287	     31.7109
     67.9287	     31.7266
     68.0287	     31.7227
     68.1287	     31.7070
     68.2287	     31.7109
     68.3287	     31.7070
     68.4287	     31.6992
     68.5287	     31.6719
     68.6288	     31.6289
     68.7287	     31.5859
     68.8288	     31.5430
     68.9288	     31.5117
     69.0288	     31.4922
     69.1288	     31.4883
     69.2288	     31.4844
     69.3288	     31.4805
     69.4288	     31.4727
     69.5288	     31.4844
     69.6288	     31.5313
     69.7289	     31.5977
     69.8288	     31.6836
     69.9288	     31.7969
     70.0289	     31.9219
     70.1289	     32.0469
     70.2289	     32.1680
     70.3289	     32.2773
     70.4289	     32.3828
     70.5289	     32.4922
     70.6289	     32.6094
     70.7289	     32.7344
     70.8289	     32.8164
     70.9290	     32.8711
     71.0289	     32.9063
     71.1289	     32.9414
     71.2289	     33.0039
     71.3289	     33.0820
     71.4289	     33.1758
     71.5289	     33.2695
     71.6289	     33.3594
     71.7290	     33.4609
     71.8290	     33.5625
     71.9290	     33.6797
     72.0290	     33.8125
     72.1290	     33.9766
     72.2290	     34.2188
     72.3290	     34.5273
     72.4290	     34.8086
     72.5290	     35.0508
     72.6290	     35.2500
     72.7290	     35.4375
     72.8290	     35.6445
     72.9291	     35.8750
     73.0290	     36.1289
     73.1290	     36.3867
     73.2291	     36.6406
     73.3291	     36.8906
     73.4291	     37.1289
     73.5291	     37.3633
     73.6291	     37.6055
     73.7291	     37.8555
     73.8291	     38.1328
     73.9293	     38.4375
     74.0291	     38.7695
     74.1291	     39.1055
     74.2292	     39.4844
     74.3291	     39.9219
     74.4291	     40.3555
     74.5291	     40.7813
     74.6291	     41.1758
     74.7292	     41.5586
     74.8292	     41.9414
     74.9292	     42.2852
     75.0292	     42.5000
     75.1292	     42.5352
     75.2292	     42.3828
     75.3292	     42.1680
     75.4292	     42.0117
     75.5292	     41.9492
     75.6292	     41.9023
     75.7294	     41.8320
     75.8292	     41.7813
     75.9292	     41.7461
     76.0293	     41.7656
     76.1292	     41.8086
     76.2292	     41.9219
     76.3293	     42.1289
     76.4293	     42.4102
     76.5293	     42.7227
     76.6293	     43.0742
     76.7293	     43.4453
     76.8293	     43.8203
     76.9295	     44.1680
     77.0293	     44.4648
     77.1293	     44.7344
     77.2294	     44.9883
     77.3293	     45.2422
     77.4293	     45.5000
     77.5294	     45.7305
     77.6294	     45.8672
     77.7294	     45.9102
     77.8295	     45.9648
     77.9295	     46.0430
     78.0294	     46.1172
     78.1295	     46.1523
     78.2294	     46.1445
     78.3294	     46.1055
     78.4295	     46.0547
     78.5294	     46.0117
     78.6294	     45.9688
     78.7296	     45.8984
     78.8295	     45.7852
     78.9296	     45.6836
     79.0296	     45.5977
     79.1294	     45.4805
     79.2295	     45.3789
     79.3297	     45.2852
     79.4296	     45.1914
     79.5295	     45.0977
     79.6297	     45.0078
     79.7295	     44.9023
     79.8296	     44.7891
     79.9299	     44.6602
     80.0296	     44.5195
     80.1295	     44.3672
     80.2298	     44.2148
     80.3296	     44.0469
     80.4295	     43.8594
     80.5298	     43.6719
     80.6297	     43.4922
     80.7297	     43.3203
     80.8298	     43.1563
     80.9298	     42.9805
     81.0297	     42.7891
     81.1298	     42.6094
     81.2297	     42.4453
     81.3297	     42.2969
     81.4298	     42.1445
     81.5297	     41.9844
     81.6296	     41.8125
     81.7299	     41.6250
     81.8297	     41.4492
     81.9299	     41.2734
     82.0297	     41.0859
     82.1298	     40.8750
     82.2298	     40.6445
     82.3299	     40.4141
     82.4298	     40.2148
     82.5298	     40.0469
     82.6300	     39.8984
     82.7299	     39.7500
     82.8299	     39.5938
     82.9302	     39.4180
     83.0299	     39.2266
     83.1299	     39.0352
     83.2300	     38.8359
     83.3299	     38.6328
     83.4299	     38.4219
     83.5300	     38.2109
     83.6299	     38.0078
     83.7299	     37.8086
     83.8301	     37.6133
     83.9301	     37.4219
     84.0300	     37.2461
     84.1301	     37.0938
     84.2300	     36.9531
     84.3300	     36.8125
     84.4301	     36.6797
     84.5300	     36.5430
     84.6300	     36.3906
     84.7302	     36.2188
     84.8298	     36.0313
     84.9302	     35.8359
     85.0302	     35.6523
     85.1301	     35.4844
     85.2301	     35.3242
     85.3302	     35.1563
     85.4301	     34.9844
     85.5301	     34.8086
     85.6302	     34.6289
     85.7299	     34.4570
     85.8301	     34.3047
     85.9304	     34.1953
     86.0302	     34.1211
     86.1302	     34.0508
     86.2303	     33.9492
     86.3302	     33.8516
     86.4299	     33.7617
     86.5301	     33.6680
     86.6302	     33.5547
     86.7302	     33.3828
     86.8303	     33.1719
     86.9304	     32.9492
     87.0302	     32.7422
     87.1304	     32.5664
     87.2300	     32.4141
     87.3303	     32.2773
     87.4304	     32.1563
     87.5303	     32.0430
     87.6301	     31.9219
     87.7305	     31.7852
     87.8303	     31.6328
     87.9305	     31.4805
     88.0302	     31.3203
     88.1301	     31.1680
     88.2304	     31.0156
     88.3305	     30.8477
     88.4303	     30.6797
     88.5304	     30.5156
     88.6304	     30.4648
     88.7303	     30.5273
     88.8303	     30.6602
     88.9306	     30.8242
     89.0303	     31.0078
     89.1304	     31.1953
     89.2305	     31.3789
     89.3304	     31.5625
     89.4304	     31.7305
     89.5305	     31.8359
     89.6304	     31.8477
     89.7304	     31.7930
     89.8306	     31.7813
     89.9306	     31.9883
     90.0305	     32.3086
     90.1306	     32.6016
     90.2305	     32.7969
     90.3305	     32.9141
     90.4306	     32.9883
     90.5305	     33.0664
     90.6305	     33.1680
     90.7306	     33.3320
     90.8305	     33.5547
     90.9306	     33.8203
     91.0307	     34.0898
     91.1306	     34.3477
     91.2306	     34.5977
     91.3307	     34.8438
     91.4305	     35.0898
     91.5306	     35.3477
     91.6307	     35.6406
     91.7306	     35.9531
     91.8306	     36.2656
     91.9309	     36.5469
     92.0306	     36.8164
     92.1306	     37.0977
     92.2307	     37.3984
     92.3306	     37.6992
     92.4306	     37.9844
     92.5307	     38.2383
     92.6306	     38.4805
     92.7306	     38.7266
     92.8308	     38.9531
     92.9308	     39.1719
     93.0307	     39.3867
     93.1308	     39.6133
     93.2307	     39.8398
     93.3307	     40.0625
     93.4308	     40.2773
     93.5307	     40.4844
     93.6307	     40.6875
     93.7309	     40.8555
     93.8308	     40.9063
     93.9309	     40.8008
     94.0309	     40.6172
     94.1308	     40.4844
     94.2308	     40.4297
     94.3310	     40.3633
     94.4309	     40.3125
     94.5309	     40.2695
     94.6310	     40.1914
     94.7309	     40.0625
     94.8309	     39.9063
     94.9310	     39.7266
     95.0309	     39.5469
     95.1310	     39.3672
     95.2309	     39.1875
     95.3310	     39.0078
     95.4307	     38.8242
     95.5311	     38.6445
     95.6307	     38.4805
     95.7307	     38.3203
     95.8311	     38.1758
     95.9309	     38.0430
     96.0310	     37.9141
     96.1311	     37.7734
     96.2308	     37.6055
     96.3310	     37.3945
     96.4312	     37.1563
     96.5310	     36.9023
     96.6310	     36.6484
     96.7310	     36.4063
     96.8311	     36.1563
     96.9312	     35.8750
     97.0312	     35.5625
     97.1311	     35.2383
     97.2311	     34.9063
     97.3312	     34.5625
     97.4311	     34.1836
     97.5311	     33.7891
     97.6312	     33.3906
     97.7311	     32.9922
     97.8311	     32.6133
     97.9312	     32.2344
     98.0311	     31.8477
     98.1311	     31.4375
     98.2313	     31.0156
     98.3310	     30.5898
     98.4310	     30.1719
     98.5313	     29.7539
     98.6311	     29.2969
     98.7312	     28.8047
     98.8312	     28.3125
     98.9313	     27.8281
     99.0312	     27.3438
     99.1314	     26.8633
     99.2313	     26.3828
     99.3313	     25.9414
     99.4315	     25.5898
     99.5313	     25.3359
     99.6313	     25.1758
     99.7315	     25.0703
     99.8314	     24.9922
     99.9315	     24.9258
    100.0315	     24.8555
    100.1314	     24.7813
    100.2314	     24.6992
    100.3315	     24.5859
    100.4314	     24.4492
    100.5314	     24.3320
    100.6313	     24.2266
    100.7312	     24.0508
    100.8312	     23.8555
    100.9317	     23.6758
    101.0315	     23.5156
    101.1315	     23.3867
    101.2316	     23.3125
    101.3314	     23.3594
    101.4314	     23.5547
    101.5315	     23.7305
    101.6314	     23.8164
    101.7315	     23.8281
    101.8316	     23.7773
    101.9315	     23.6563
    102.0315	     23.5156
    102.1317	     23.3711
    102.2316	     23.2031
    102.3313	     23.0391
    102.4317	     22.9102
    102.5314	     22.8164
    102.6316	     22.7578
    102.7315	     22.7422
    102.8315	     22.8047
    102.9317	     22.8828
    103.0317	     22.9219
    103.1316	     22.9375
    103.2316	     22.9648
    103.3318	     23.0156
    103.4316	     23.0703
    103.5316	     23.1289
    103.6317	     23.1875
    103.7316	     23.2500
    103.8317	     23.3086
    103.9319	     23.3555
    104.0317	     23.3945
    104.1317	     23.4141
    104.2318	     23.4180
    104.3317	     23.3984
    104.4317	     23.3984
    104.5319	     23.4922
    104.6318	     23.6719
    104.7317	     23.8477
    104.8318	     23.9766
    104.9319	     24.0742
    105.0318	     24.1719
    105.1319	     24.3125
    105.2317	     24.4883
    105.3318	     24.6836
    105.4319	     24.8633
    105.5318	     25.0156
    105.6318	     25.0664
    105.7319	     24.9883
    105.8321	     24.8633
    105.9320	     24.7813
    106.0320	     24.7695
    106.1319	     24.7344
    106.2320	     24.6641
    106.3321	     24.5938
    106.4318	     24.5430
    106.5319	     24.5469
    106.6320	     24.6250
    106.7319	     24.7617
    106.8319	     24.9922
    106.9322	     25.3086
    107.0319	     25.6914
    107.1320	     26.1211
    107.2321	     26.5781
    107.3320	     27.0469
    107.4320	     27.5117
    107.5321	     27.9531
    107.6320	     28.3672
    107.7320	     28.7656
    107.8321	     29.1680
    107.9322	     29.5625
    108.0320	     29.9492
    108.1321	     30.3516
    108.2320	     30.7891
    108.3321	     31.2266
    108.4322	     31.6406
    108.5320	     32.0391
    108.6321	     32.4297
    108.7322	     32.7539
    108.8321	     32.9297
    108.9323	     32.9258
    109.0322	     32.7930
    109.1321	     32.6797
    109.2321	     32.6289
    109.3321	     32.6133
    109.4320	     32.6016
    109.5321	     32.5859
    109.6323	     32.5664
    109.7322	     32.5430
    109.8322	     32.5039
    109.9325	     32.4570
    110.0320	     32.3984
    110.1323	     32.3477
    110.2324	     32.2695
    110.3323	     32.1758
    110.4323	     32.1133
    110.5324	     32.0508
    110.6323	     32.0195
    110.7322	     32.0664
    110.8324	     32.1914
    110.9324	     32.4063
    111.0322	     32.6875
    111.1324	     33.0430
    111.2323	     33.4727
    111.3323	     33.9688
    111.4324	     34.4727
    111.5323	     34.9492
    111.6323	     35.3398
    111.7324	     35.5664
    111.8323	     35.5977
    111.9325	     35.4805
    112.0325	     35.3359
    112.1324	     35.2305
    112.2323	     35.1367
    112.3326	     34.9961
    112.4322	     34.8203
    112.5325	     34.6445
    112.6326	     34.4688
    112.7325	     34.2617
    112.8325	     34.0352
    112.9328	     33.8164
    113.0325	     33.5898
    113.1325	     33.3359
    113.2327	     33.0938
    113.3325	     32.9141
    113.4325	     32.7539
    113.5327	     32.5938
    113.6325	     32.4180
    113.7326	     32.2344
    113.8325	     32.0391
    113.9325	     31.8320
    114.0324	     31.6172
    114.1328	     31.4063
    114.2324	     31.1953
    114.3326	     30.9844
    114.4327	     30.7813
    114.5326	     30.6328
    114.6326	     30.5195
    114.7328	     30.4141
    114.8325	     30.3125
    114.9328	     30.2070
    115.0327	     30.1641
    115.1326	     30.2656
    115.2326	     30.4453
    115.3328	     30.6992
    115.4326	     31.0352
    115.5327	     31.3906
    115.6328	     31.7305
    115.7327	     32.0195
    115.8327	     32.2031
    115.9330	     32.2617
    116.0327	     32.2031
    116.1327	     32.0313
    116.2329	     31.8125
    116.3328	     31.6367
    116.4327	     31.5117
    116.5329	     31.4219
    116.6327	     31.4648
    116.7328	     31.6797
    116.8329	     32.0313
    116.9329	     32.4219
    117.0328	     32.8008
    117.1329	     33.1211
    117.2328	     33.3711
    117.3328	     33.5898
    117.4330	     33.8008
    117.5328	     34.0391
    117.6328	     34.2891
    117.7330	     34.5508
    117.8329	     34.8633
    117.9330	     35.2773
    118.0330	     35.7422
    118.1329	     36.1445
    118.2329	     36.5234
    118.3330	     36.9219
    118.4329	     37.3477
    118.5329	     37.8047
    118.6330	     38.2734
    118.7329	     38.7305
    118.8329	     39.1680
    118.9332	     39.5898
    119.0329	     40.0156
    119.1330	     40.4531
    119.2331	     40.9141
    119.3330	     41.3711
    119.4330	     41.7461
    119.5331	     41.9531
    119.6330	     41.9766
    119.7330	     41.8203
    119.8331	     41.6289
    119.9332	     41.5156
    120.0330	     41.4805
    120.1332	     41.4375
    120.2331	     41.4063
    120.3331	     41.3867
    120.4332	     41.4414
    120.5331	     41.5547
    120.6331	     41.7109
    120.7332	     41.9531
    120.8331	     42.2461
    120.9333	     42.6055
    121.0333	     43.0156
    121.1331	     43.4453
    121.2331	     43.8867
    121.3333	     44.3125
    121.4332	     44.7148
    121.5332	     45.0781
    121.6333	     45.3750
    121.7332	     45.5977
    121.8332	     45.7383
    121.9335	     45.7461
    122.0332	     45.6133
    122.1332	     45.4023
    122.2332	     45.1563
    122.3331	     44.9453
    122.4333	     44.7773
    122.5332	     44.6289
    122.6333	     44.4648
    122.7334	     44.2852
    122.8335	     44.1055
    122.9335	     43.9180
    123.0334	     43.7188
    123.1335	     43.5195
    123.2334	     43.3594
    123.3334	     43.2305
    123.4335	     43.1172
    123.5334	     42.9883
    123.6334	     42.8320
    123.7336	     42.6445
    123.8335	     42.4492
    123.9336	     42.3125
    124.0333	     42.2578
    124.1335	     42.2422
    124.2333	     42.2383
    124.3336	     42.1914
    124.4335	     42.1211
    124.5336	     42.0078
    124.6337	     41.8242
    124.7336	     41.5977
    124.8336	     41.3711
    124.9338	     41.1797
    125.0333	     41.0313
    125.1334	     40.9414
    125.2337	     40.8984
    125.3336	     40.8516
    125.4336	     40.7891
    125.5337	     40.7188
    125.6336	     40.6484
    125.7336	     40.5859
    125.8337	     40.5234
    125.9338	     40.4609
    126.0334	     40.4023
    126.1338	     40.3203
    126.2337	     40.2148
    126.3337	     40.1133
    126.4338	     40.0273
    126.5337	     39.9531
    126.6335	     39.8945
    126.7338	     39.8320
    126.8336	     39.7617
    126.9339	     39.7031
    127.0339	     39.6484
    127.1338	     39.5703
    127.2338	     39.4570
    127.3339	     39.3203
    127.4337	     39.1797
    127.5338	     39.0898
    127.6339	     39.0273
    127.7338	     38.9883
    127.8338	     38.9609
    127.9339	     38.9297
    128.0338	     38.8711
    128.1339	     38.7891
    128.2337	     38.6914
    128.3339	     38.5938
    128.4339	     38.4961
    128.5340	     38.4102
    128.6339	     38.3242
    128.7339	     38.1836
    128.8340	     37.9609
    128.9341	     37.7109
    129.0339	     37.4648
    129.1338	     37.2109
    129.2337	     36.9453
    129.3337	     36.7070
    129.4341	     36.5117
    129.5337	     36.3359
    129.6337	     36.1602
    129.7341	     35.9844
    129.8340	     35.8086
    129.9342	     35.6211
    130.0341	     35.4063
    130.1340	     35.1875
    130.2340	     34.9844
    130.3339	     34.7695
    130.4340	     34.5547
    130.5341	     34.3477
    130.6342	     34.1641
    130.7341	     34.0352
    130.8341	     33.9297
    130.9342	     33.8008
    131.0339	     33.6523
    131.1341	     33.4883
    131.2342	     33.3203
    131.3341	     33.1523
    131.4341	     32.9922
    131.5343	     32.8398
    131.6342	     32.6992
    131.7342	     32.5938
    131.8341	     32.5430
    131.9344	     32.5586
    132.0342	     32.5664
    132.1342	     32.5391
    132.2342	     32.4805
    132.3342	     32.4023
    132.4343	     32.2813
    132.5343	     32.1055
    132.6343	     31.9492
    132.7344	     31.8477
    132.8342	     31.8086
    132.9342	     31.8008
    133.0344	     31.8008
    133.1343	     31.8359
    133.2342	     31.9063
    133.3344	     31.9531
    133.4342	     31.9922
    133.5343	     32.0625
    133.6343	     32.1797
    133.7343	     32.3359
    133.8343	     32.5039
    133.9346	     32.6484
    134.0343	     32.7539
    134.1343	     32.8438
    134.2344	     32.9531
    134.3343	     33.0742
    134.4343	     33.1445
    134.5344	     33.1445
    134.6343	     33.0586
    134.7344	     32.9102
    134.8344	     32.7773
    134.9346	     32.7109
    135.0343	     32.7070
    135.1345	     32.7344
    135.2344	     32.7656
    135.3345	     32.7773
    135.4345	     32.7734
    135.5344	     32.7695
    135.6345	     32.7734
    135.7346	     32.7773
    135.8345	     32.7891
    135.9346	     32.7852
    136.0346	     32.7461
    136.1345	     32.6836
    136.2345	     32.6367
    136.3346	     32.6094
    136.4345	     32.5859
    136.5345	     32.5508
    136.6345	     32.5195
    136.7344	     32.4922
    136.8345	     32.4688
    136.9349	     32.4688
    137.0346	     32.5469
    137.1346	     32.7227
    137.2347	     32.9180
    137.3346	     33.0977
    137.4346	     33.2656
    137.5347	     33.4141
    137.6346	     33.5625
    137.7346	     33.7461
    137.8347	     33.9766
    137.9348	     34.2305
    138.0346	     34.4805
    138.1348	     34.7773
    138.2347	     35.1289
    138.3347	     35.4805
    138.4348	     35.8516
    138.5347	     36.2266
    138.6347	     36.6211
    138.7348	     37.0469
    138.8347	     37.4844
    138.9349	     37.9063
    139.0348	     38.2891
    139.1347	     38.6523
    139.2348	     39.0234
    139.3348	     39.4023
    139.4348	     39.8008
    139.5348	     40.2227
    139.6349	     40.6445
    139.7348	     41.0625
    139.8348	     41.4453
    139.9351	     41.8047
    140.0348	     42.1484
    140.1348	     42.4063
    140.2349	     42.4961
    140.3348	     42.3945
    140.4348	     42.2031
    140.5349	     42.0586
    140.6348	     42.0039
    140.7348	     41.9688
    140.8350	     41.9102
    140.9352	     41.8359
    141.0350	     41.8047
    141.1349	     41.8555
    141.2349	     41.9648
    141.3349	     42.1523
    141.4350	     42.4102
    141.5349	     42.7539
    141.6349	     43.1641
    141.7350	     43.5977
    141.8350	     44.0352
    141.9352	     44.4453
    142.0351	     44.8242
    142.1350	     45.1797
    142.2350	     45.4805
    142.3351	     45.7500
    142.4350	     46.0352
    142.5350	     46.3477
    142.6351	     46.6445
    142.7350	     46.8867
    142.8350	     47.1094
    142.9353	     47.3164
    143.0351	     47.5234
    143.1351	     47.7070
    143.2351	     47.8633
    143.3351	     47.9570
    143.4351	     47.9727
    143.5352	     47.9219
    143.6351	     47.8516
    143.7351	     47.7617
    143.8352	     47.6484
    143.9354	     47.5586
    144.0351	     47.5586
    144.1353	     47.6055
    144.2352	     47.6563
    144.3352	     47.7031
    144.4353	     47.7656
    144.5352	     47.8555
    144.6352	     47.9570
    144.7353	     48.0547
    144.8352	     48.1484
    144.9354	     48.1992
    145.0353	     48.2305
    145.1352	     48.2383
    145.2352	     48.1836
    145.3352	     48.0586
    145.4353	     47.9336
    145.5353	     47.8125
    145.6354	     47.6914
    145.7354	     47.5625
    145.8354	     47.4375
    145.9355	     47.2930
    146.0354	     47.1328
    146.1354	     46.9727
    146.2355	     46.8164
    146.3354	     46.6563
    146.4354	     46.4961
    146.5355	     46.3281
    146.6354	     46.1602
    146.7355	     46.0078
    146.8353	     45.8438
    146.9356	     45.6602
    147.0355	     45.4727
    147.1356	     45.2891
    147.2355	     45.1211
    147.3353	     44.9531
    147.4356	     44.7813
    147.5355	     44.5898
    147.6355	     44.3906
    147.7356	     44.2031
    147.8353	     44.0234
    147.9357	     43.8281
    148.0357	     43.5938
    148.1353	     43.3359
    148.2356	     43.0938
    148.3357	     42.9063
    148.4354	     42.7813
    148.5354	     42.6836
    148.6355	     42.5703
    148.7356	     42.4297
    148.8356	     42.2617
    148.9360	     42.0586
    149.0357	     41.8438
    149.1357	     41.6328
    149.2356	     41.4219
    149.3356	     41.1953
    149.4357	     40.9688
    149.5358	     40.7344
    149.6355	     40.5000
    149.7357	     40.2734
    149.8358	     40.0703
    149.9359	     39.8789
    150.0358	     39.6797
    150.1359	     39.4961
    150.2357	     39.3125
    150.3358	     39.0977
    150.4358	     38.8672
    150.5355	     38.6445
    150.6358	     38.4141
    150.7359	     38.1797
    150.8356	     37.9258
    150.9358	     37.6484
    151.0359	     37.3359
    151.1356	     36.9805
    151.2358	     36.5898
    151.3359	     36.1797
    151.4356	     35.7617
    151.5358	     35.3398
    151.6359	     34.9102
    151.7359	     34.4766
    151.8357	     34.0586
    151.9360	     33.6719
    152.0359	     33.3164
    152.1359	     33.0000
    152.2360	     32.6992
    152.3359	     32.4492
    152.4360	     32.2461
    152.5361	     32.0898
    152.6357	     31.9648
    152.7357	     31.8516
    152.8361	     31.7383
    152.9362	     31.6094
    153.0360	     31.4492
    153.1361	     31.2500
    153.2358	     31.0313
    153.3358	     30.8047
    153.4361	     30.5742
    153.5360	     30.3438
    153.6361	     30.1172
    153.7362	     29.9258
    153.8361	     29.7773
    153.9363	     29.6914
    154.0362	     29.6680
    154.1361	     29.6602
    154.2361	     29.6563
    154.3362	     29.6836
    154.4361	     29.7266
    154.5361	     29.7773
    154.6362	     29.8477
    154.7361	     29.9297
    154.8361	     30.0273
    154.9364	     30.1875
    155.0361	     30.4844
    155.1362	     30.8672
    155.2362	     31.2500
    155.3361	     31.5352
    155.4362	     31.7422
    155.5362	     31.9531
    155.6362	     32.2305
    155.7362	     32.5313
    155.8363	     32.8125
    155.9367	     33.0391
    156.0362	     33.2539
    156.1364	     33.4844
    156.2362	     33.7188
    156.3362	     33.9727
    156.4363	     34.2969
    156.5362	     34.6328
    156.6363	     34.9453
    156.7364	     35.2383
    156.8363	     35.5078
    156.9365	     35.7617
    157.0364	     36.0195
    157.1363	     36.2891
    157.2363	     36.5625
    157.3364	     36.8438
    157.4363	     37.1133
    157.5363	     37.3555
    157.6364	     37.5625
    157.7363	     37.7656
    157.8364	     37.9805
    157.9366	     38.2109
    158.0364	     38.4414
    158.1364	     38.6602
    158.2365	     38.8750
    158.3364	     39.0781
    158.4364	     39.2617
    158.5365	     39.4023
    158.6364	     39.4766
    158.7364	     39.5039
    158.8365	     39.5156
    158.9366	     39.5313
    159.0365	     39.5625
    159.1366	     39.6016
    159.2365	     39.6406
    159.3365	     39.6797
    159.4366	     39.7070
    159.5364	     39.7031
    159.6363	     39.6055
    159.7365	     39.4609
    159.8365	     39.3594
    159.9368	     39.3164
    160.0367	     39.3125
    160.1366	     39.3008
    160.2366	     39.2227
    160.3367	     39.1250
    160.4366	     39.0352
    160.5364	     38.9336
    160.6367	     38.8086
    160.7367	     38.6641
    160.8367	     38.4922
    160.9367	     38.3086
    161.0364	     38.1367
    161.1367	     37.9609
    161.2368	     37.7852
    161.3367	     37.6211
    161.4367	     37.4727
    161.5368	     37.3438
    161.6367	     37.2188
    161.7368	     37.0781
    161.8368	     36.9258
    161.9369	     36.7695
    162.0368	     36.5938
    162.1367	     36.4219
    162.2366	     36.2461
    162.3368	     36.0820
    162.4369	     35.9219
    162.5368	     35.7539
    162.6368	     35.5430
    162.7369	     35.2695
    162.8368	     34.9492
    162.9370	     34.5938
    163.0369	     34.2148
    163.1367	     33.8164
    163.2369	     33.4219
    163.3370	     33.0508
    163.4367	     32.7031
    163.5369	     32.3828
    163.6370	     32.0625
    163.7369	     31.7578
    163.8369	     31.4688
    163.9370	     31.1953
    164.0370	     30.9336
    164.1370	     30.6719
    164.2371	     30.3945
    164.3370	     30.0703
    164.4370	     29.7266
    164.5371	     29.4141
    164.6368	     29.1367
    164.7371	     28.9023
    164.8371	     28.6914
    164.9372	     28.4922
    165.0371	     28.2969
    165.1372	     28.0977
    165.2371	     27.8945
    165.3371	     27.6914
    165.4372	     27.4883
    165.5371	     27.2813
    165.6371	     27.0703
    165.7372	     26.8594
    165.8371	     26.6719
    165.9373	     26.4961
    166.0372	     26.3164
    166.1372	     26.1328
    166.2369	     25.9492
    166.3370	     25.7656
    166.4372	     25.5859
    166.5370	     25.4141
    166.6373	     25.2695
    166.7370	     25.1602
    166.8372	     25.1016
    166.9375	     25.1094
    167.0372	     25.1914
    167.1373	     25.2734
    167.2372	     25.3203
    167.3372	     25.3477
    167.4373	     25.3750
    167.5373	     25.4180
    167.6372	     25.4727
    167.7372	     25.5195
    167.8373	     25.5273
    167.9374	     25.5000
    168.0373	     25.4258
    168.1374	     25.3203
    168.2373	     25.2188
    168.3371	     25.1445
    168.4374	     25.0898
    168.5374	     25.0469
    168.6374	     25.0078
    168.7375	     24.9570
    168.8374	     24.9023
    168.9376	     24.8320
    169.0373	     24.7578
    169.1374	     24.6797
    169.2372	     24.5977
    169.3375	     24.5273
    169.4375	     24.4648
    169.5375	     24.3906
    169.6376	     24.2734
    169.7373	     24.1289
    169.8375	     23.9766
    169.9378	     23.8438
    170.0375	     23.7305
    170.1375	     23.6211
    170.2376	     23.5039
    170.3375	     23.3945
    170.4376	     23.2969
    170.5376	     23.2500
    170.6375	     23.3086
    170.7375	     23.4258
    170.8376	     23.5508
    170.9377	     23.6758
    171.0375	     23.8320
    171.1376	     24.0156
    171.2375	     24.2031
    171.3375	     24.3906
    171.4377	     24.5625
    171.5376	     24.7305
    171.6376	     24.9023
    171.7377	     25.0938
    171.8376	     25.3164
    171.9378	     25.5547
    172.0377	     25.8008
    172.1376	     26.0508
    172.2376	     26.3047
    172.3377	     26.5664
    172.4377	     26.8359
    172.5377	     27.0977
    172.6377	     27.3633
    172.7377	     27.6523
    172.8377	     27.9609
    172.9379	     28.2773
    173.0377	     28.6094
    173.1377	     28.9375
    173.2378	     29.2578
    173.3377	     29.5625
    173.4377	     29.8438
    173.5378	     30.1172
    173.6378	     30.4102
    173.7378	     30.7227
    173.8378	     31.0234
    173.9380	     31.3008
    174.0378	     31.5664
    174.1379	     31.8320
    174.2378	     32.0742
    174.3378	     32.2539
    174.4379	     32.3047
    174.5378	     32.2070
    174.6378	     32.0742
    174.7380	     32.0078
    174.8379	     31.9922
    174.9379	     31.9922
    175.0380	     31.9883
    175.1380	     31.9727
    175.2380	     31.9375
    175.3380	     31.8867
    175.4379	     31.8242
    175.5380	     31.7656
    175.6381	     31.7109
    175.7378	     31.6680
    175.8380	     31.5898
    175.9380	     31.5039
    176.0381	     31.4297
    176.1380	     31.3555
    176.2381	     31.2773
    176.3380	     31.1953
    176.4381	     31.1211
    176.5381	     31.0586
    176.6381	     30.9766
    176.7381	     30.8555
    176.8382	     30.7031
    176.9383	     30.5391
    177.0381	     30.3828
    177.1382	     30.2227
    177.2379	     30.0625
    177.3381	     29.8945
    177.4382	     29.7188
    177.5381	     29.5391
    177.6379	     29.3633
    177.7382	     29.1953
    177.8382	     29.0352
    177.9384	     28.8828
    178.0383	     28.7344
    178.1382	     28.5898
    178.2382	     28.4531
    178.3383	     28.3164
    178.4382	     28.1758
    178.5382	     28.0273
    178.6383	     27.8828
    178.7383	     27.7266
    178.8383	     27.5664
    178.9385	     27.4063
    179.0381	     27.2461
    179.1381	     27.0859
    179.2384	     26.9219
    179.3381	     26.7461
    179.4383	     26.5703
    179.5384	     26.3984
    179.6383	     26.2383
    179.7383	     26.0742
    179.8384	     25.8828
    179.9385	     25.6523
    180.0381	     25.3711
    180.1384	     25.0430
    180.2383	     24.6797
    180.3382	     24.2891
    180.4384	     23.8789
    180.5383	     23.4570
    180.6384	     23.0156
    180.7385	     22.5508
    180.8384	     22.1289
    180.9386	     21.7891
    181.0385	     21.5195
    181.1385	     21.2852
    181.2385	     21.0820
    181.3385	     20.9063
    181.4385	     20.7656
    181.5385	     20.6445
    181.6386	     20.5391
    181.7385	     20.4492
    181.8385	     20.3945
    181.9387	     20.3984
    182.0385	     20.4492
    182.1385	     20.5391
    182.2386	     20.6758
    182.3385	     20.8555
    182.4385	     21.0898
    182.5386	     21.3711
    182.6385	     21.6914
    182.7385	     22.0195
    182.8386	     22.3555
    182.9387	     22.6797
    183.0386	     22.9805
    183.1386	     23.2656
    183.2386	     23.5469
    183.3386	     23.8281
    183.4387	     24.1016
    183.5386	     24.3672
    183.6386	     24.6289
    183.7387	     24.8828
    183.8386	     25.1094
    183.9388	     25.2891
    184.0387	     25.4141
    184.1386	     25.4766
    184.2388	     25.4297
    184.3388	     25.2813
    184.4387	     25.0469
    184.5385	     24.8008
    184.6389	     24.5859
    184.7387	     24.3906
    184.8388	     24.1914
    184.9390	     23.9883
    185.0388	     23.7656
    185.1388	     23.5508
    185.2389	     23.3438
    185.3386	     23.1406
    185.4388	     22.9375
    185.5389	     22.7344
    185.6388	     22.5391
    185.7388	     22.3516
    185.8389	     22.1602
    185.9388	     21.9414
    186.0388	     21.6836
    186.1387	     21.3906
    186.2388	     21.0742
    186.3388	     20.7266
    186.4388	     20.3516
    186.5389	     20.0039
    186.6389	     19.7500
    186.7390	     19.5703
    186.8389	     19.4180
    186.9391	     19.2500
    187.0390	     19.0625
    187.1387	     18.8555
    187.2389	     18.6328
    187.3389	     18.3516
    187.4388	     18.0000
    187.5389	     17.5820
    187.6389	     17.1016
    187.7389	     16.5820
    187.8389	     16.0742
    187.9392	     15.5898
    188.0388	     15.1094
    188.1389	     14.6445
    188.2390	     14.2148
    188.3388	     13.8359
    188.4389	     13.4883
    188.5390	     13.1523
    188.6389	     12.8164
    188.7389	     12.4570
    188.8390	     12.0586
    188.9392	     11.6289
    189.0391	     11.2031
    189.1392	     10.8242
    189.2390	     10.5234
    189.3390	     10.2969
    189.4393	     10.1289
    189.5391	      9.9922
    189.6390	      9.8711
    189.7393	      9.7383
    189.8391	      9.5898
    189.9392	      9.4375
    190.0392	      9.2930
    190.1393	      9.1680
    190.2393	      9.0313
    190.3393	      8.8789
    190.4393	      8.7109
    190.5392	      8.5508
    190.6393	      8.4141
    190.7393	      8.3203
    190.8393	      8.2852
    190.9395	      8.3281
    191.0393	      8.4805
    191.1393	      8.7383
    191.2393	      9.0977
    191.3393	      9.5586
    191.4393	     10.0430
    191.5394	     10.4492
    191.6393	     10.7422
    191.7394	     10.9336
    191.8394	     11.0313
    191.9396	     11.0625
    192.0394	     11.0547
    192.1394	     11.0469
    192.2394	     11.0781
    192.3393	     11.1602
    192.4394	     11.2930
    192.5394	     11.4570
    192.6394	     11.6289
    192.7395	     11.7813
    192.8394	     11.9258
    192.9396	     12.0703
    193.0395	     12.2383
    193.1395	     12.4844
    193.2394	     12.8633
    193.3396	     13.3711
    193.4395	     13.9258
    193.5395	     14.4336
    193.6395	     14.8164
    193.7395	     15.0391
    193.8395	     15.1055
    193.9398	     15.0547
    194.0395	     14.9531
    194.1396	     14.8867
    194.2396	     14.8906
    194.3396	     14.9531
    194.4396	     15.0703
    194.5396	     15.2188
    194.6396	     15.4453
    194.7396	     15.7578
    194.8397	     16.1055
    194.9398	     16.4727
    195.0396	     16.8398
    195.1397	     17.1914
    195.2396	     17.5273
    195.3396	     17.8555
    195.4397	     18.1758
    195.5396	     18.4961
    195.6396	     18.8008
    195.7398	     19.0586
    195.8397	     19.2070
    195.9399	     19.2305
    196.0397	     19.1953
    196.1397	     19.1719
    196.2398	     19.1680
    196.3398	     19.1602
    196.4398	     19.1367
    196.5398	     19.0820
    196.6399	     19.0078
    196.7399	     18.9141
    196.8398	     18.8320
    196.9401	     18.7734
    197.0398	     18.7344
    197.1398	     18.7188
    197.2399	     18.7148
    197.3398	     18.7227
    197.4398	     18.7305
    197.5399	     18.7227
    197.6398	     18.7070
    197.7399	     18.6680
    197.8399	     18.5898
    197.9401	     18.4961
    198.0399	     18.4336
    198.1400	     18.4453
    198.2399	     18.5664
    198.3399	     18.7656
    198.4400	     18.9883
    198.5399	     19.1836
    198.6399	     19.3516
    198.7400	     19.4961
    198.8399	     19.6211
    198.9401	     19.7266
    199.0400	     19.8086
    199.1400	     19.8516
    199.2400	     19.8555
    199.3400	     19.8438
    199.4400	     19.8242
    199.5400	     19.8242
    199.6401	     19.8438
    199.7400	     19.8906
    199.8400	     19.9727
    199.9403	     20.0664
    200.0400	     20.1680
    200.1400	     20.2695
    200.2401	     20.3945
    200.3401	     20.5430
    200.4400	     20.7305
    200.5401	     20.9648
    200.6401	     21.2422
    200.7402	     21.5469
    200.8402	     21.8711
    200.9403	     22.2188
    201.0401	     22.5664
    201.1402	     22.8867
    201.2401	     23.1680
    201.3401	     23.4141
    201.4402	     23.6367
    201.5402	     23.8477
    201.6402	     24.0508
    201.7403	     24.2344
    201.8402	     24.3789
    201.9404	     24.4883
    202.0403	     24.5742
    202.1402	     24.6055
    202.2402	     24.5273
    202.3403	     24.3477
    202.4403	     24.1406
    202.5404	     23.9609
    202.6404	     23.8047
    202.7404	     23.5625
    202.8404	     23.2695
    202.9406	     22.9570
    203.0404	     22.6016
    203.1404	     22.2070
    203.2404	     21.8086
    203.3406	     21.4336
    203.4404	     21.0781
    203.5407	     20.7422
    203.6403	     20.4258
    203.7407	     20.1172
    203.8405	     19.7969
    203.9406	     19.4492
    204.0405	     19.0898
    204.1405	     18.7031
    204.2403	     18.2852
    204.3405	     17.8555
    204.4406	     17.4531
    204.5403	     17.1211
    204.6405	     16.8867
    204.7406	     16.7461
    204.8405	     16.7188
    204.9406	     16.8008
    205.0405	     16.9648
    205.1405	     17.2148
    205.2405	     17.6016
    205.3406	     18.1523
    205.4405	     18.8867
    205.5405	     19.7813
    205.6406	     20.7695
    205.7406	     21.7461
    205.8406	     22.5625
    205.9408	     23.1563
    206.0409	     23.4375
    206.1406	     23.4063
    206.2407	     23.0508
    206.3406	     22.4492
    206.4406	     21.7266
    206.5407	     20.9492
    206.6406	     20.1523
    206.7405	     19.4023
    206.8406	     18.7852
    206.9407	     18.3633
    207.0407	     18.1406
    207.1408	     18.0469
    207.2406	     18.0078
    207.3407	     17.9922
    207.4408	     17.9883
    207.5407	     17.9766
    207.6407	     17.9570
    207.7407	     17.9375
    207.8407	     17.9492
    207.9409	     17.9883
    208.0408	     18.0586
    208.1408	     18.1914
    208.2408	     18.4141
    208.3408	     18.7461
    208.4408	     19.1719
    208.5408	     19.6406
    208.6408	     20.1094
    208.7408	     20.5781
    208.8408	     21.0508
    208.9411	     21.4727
    209.0408	     21.7891
    209.1408	     21.9766
    209.2409	     22.0781
    209.3408	     22.1406
    209.4408	     22.2070
    209.5409	     22.2969
    209.6408	     22.4063
    209.7409	     22.5078
    209.8407	     22.5547
    209.9410	     22.5547
    210.0409	     22.5508
    210.1410	     22.5898
    210.2409	     22.6758
    210.3409	     22.7891
    210.4410	     22.9063
    210.5409	     23.0039
    210.6410	     23.0859
    210.7410	     23.1523
    210.8410	     23.1680
    210.9412	     23.0898
    211.0410	     22.9102
    211.1409	     22.6523
    211.2411	     22.3477
    211.3410	     22.0313
    211.4411	     21.7305
    211.5411	     21.4570
    211.6411	     21.1875
    211.7411	     20.9297
    211.8412	     20.6680
    211.9414	     20.4141
    212.0412	     20.2031
    212.1412	     20.0078
    212.2412	     19.8242
    212.3411	     19.7070
    212.4411	     19.7188
    212.5412	     19.8477
    212.6411	     20.0586
    212.7412	     20.2773
    212.8412	     20.4141
    212.9414	     20.4375
    213.0412	     20.3672
    213.1413	     20.2578
    213.2412	     20.1875
    213.3412	     20.2461
    213.4413	     20.4492
    213.5412	     20.7500
    213.6412	     21.0547
    213.7413	     21.3125
    213.8412	     21.4961
    213.9414	     21.5898
    214.0413	     21.5430
    214.1412	     21.3828
    214.2413	     21.1328
    214.3413	     20.8477
    214.4413	     20.5508
    214.5413	     20.2773
    214.6413	     20.0547
    214.7414	     19.8867
    214.8413	     19.7578
    214.9415	     19.6563
    215.0413	     19.5859
    215.1414	     19.5508
    215.2414	     19.5469
    215.3414	     19.5664
    215.4414	     19.5977
    215.5414	     19.6094
    215.6414	     19.6094
    215.7414	     19.6016
    215.8415	     19.6016
    215.9416	     19.6172
    216.0414	     19.6484
    216.1415	     19.6992
    216.2414	     19.7656
    216.3415	     19.8672
    216.4416	     20.0234
    216.5416	     20.3047
    216.6414	     20.7148
    216.7416	     21.1758
    216.8415	     21.6289
    216.9417	     22.0898
    217.0416	     22.5664
    217.1415	     23.0664
    217.2416	     23.6055
    217.3417	     24.1602
    217.4416	     24.7305
    217.5416	     25.2383
    217.6416	     25.5508
    217.7417	     25.5742
    217.8417	     25.3711
    217.9419	     25.0508
    218.0414	     24.7539
    218.1417	     24.5742
    218.2417	     24.4805
    218.3418	     24.4141
    218.4417	     24.3164
    218.5417	     24.1055
    218.6415	     23.8594
    218.7415	     23.6211
    218.8418	     23.3828
    218.9420	     23.0977
    219.0418	     22.7578
    219.1416	     22.3906
    219.2418	     22.0234
    219.3417	     21.6602
    219.4418	     21.2969
    219.5419	     20.9258
    219.6418	     20.5469
    219.7419	     20.1758
    219.8418	     19.8477
    219.9420	     19.5898
    220.0416	     19.3867
    220.1419	     19.1914
    220.2419	     18.9805
    220.3419	     18.7539
    220.4417	     18.4883
    220.5418	     18.1797
    220.6419	     17.8516
    220.7419	     17.5234
    220.8419	     17.2109
    220.9422	     16.9375
    221.0419	     16.7188
    221.1420	     16.5781
    221.2419	     16.5469
    221.3419	     16.5938
    221.4419	     16.7031
    221.5420	     16.9023
    221.6418	     17.2109
    221.7420	     17.5977
    221.8419	     18.0234
    221.9421	     18.4258
    222.0420	     18.7109
    222.1420	     18.8281
    222.2420	     18.7734
    222.3420	     18.6016
    222.4421	     18.3945
    222.5420	     18.2031
    222.6420	     18.0391
    222.7421	     17.9063
    222.8420	     17.7891
    222.9422	     17.6953
    223.0421	     17.6406
    223.1421	     17.6289
    223.2420	     17.6484
    223.3421	     17.6992
    223.4421	     17.7773
    223.5421	     17.8711
    223.6422	     17.9844
    223.7421	     18.1094
    223.8422	     18.2344
    223.9424	     18.3633
    224.0422	     18.5313
    224.1422	     18.7969
    224.2422	     19.2188
    224.3422	     19.7891
    224.4422	     20.4102
    224.5422	     21.0039
    224.6422	     21.5000
    224.7422	     21.8477
    224.8422	     22.0000
    224.9425	     21.9570
    225.0422	     21.8047
    225.1423	     21.6289
    225.2423	     21.4805
    225.3423	     21.3945
    225.4424	     21.3750
    225.5423	     21.4063
    225.6421	     21.4609
    225.7424	     21.5156
    225.8424	     21.5586
    225.9426	     21.6211
    226.0424	     21.6719
    226.1424	     21.7031
    226.2423	     21.7305
    226.3424	     21.7695
    226.4423	     21.8398
    226.5424	     21.9336
    226.6424	     22.0195
    226.7424	     22.0859
    226.8424	     22.1367
    226.9428	     22.1797
    227.0423	     22.2188
    227.1425	     22.2539
    227.2424	     22.2852
    227.3425	     22.3047
    227.4424	     22.3008
    227.5425	     22.2813
    227.6424	     22.2500
    227.7426	     22.2031
    227.8425	     22.1484
    227.9428	     22.0898
    228.0425	     22.0313
    228.1426	     21.9727
    228.2424	     21.9063
    228.3426	     21.8086
    228.4426	     21.6523
    228.5426	     21.3984
    228.6426	     21.0508
    228.7427	     20.6641
    228.8426	     20.2891
    228.9430	     19.9375
    229.0426	     19.6328
    229.1427	     19.3828
    229.2426	     19.1719
    229.3428	     18.9688
    229.4426	     18.7695
    229.5428	     18.5820
    229.6426	     18.4219
    229.7428	     18.3008
    229.8426	     18.2266
    229.9431	     18.2070
    230.0427	     18.2617
    230.1428	     18.3867
    230.2427	     18.5820
    230.3429	     18.8320
    230.4427	     19.1250
    230.5429	     19.4336
    230.6427	     19.7773
    230.7429	     20.1406
    230.8427	     20.4727
    230.9432	     20.6406
    231.0427	     20.6211
    231.1429	     20.4609
    231.2427	     20.2148
    231.3430	     19.9609
    231.4428	     19.7461
    231.5430	     19.5859
    231.6428	     19.4688
    231.7430	     19.3867
    231.8428	     19.3281
    231.9430	     19.3008
    232.0428	     19.3125
    232.1431	     19.3711
    232.2428	     19.4766
    232.3431	     19.6211
    232.4428	     19.8086
    232.5431	     20.0156
    232.6428	     20.2383
    232.7431	     20.4961
    232.8428	     20.7852
    232.9434	     21.0742
    233.0429	     21.3320
    233.1432	     21.5781
    233.2430	     21.8242
    233.3432	     22.0664
    233.4429	     22.3203
    233.5432	     22.5781
    233.6429	     22.8281
    233.7432	     23.0703
    233.8430	     23.3008
    233.9432	     23.5078
    234.0433	     23.6953
    234.1433	     23.8633
    234.2430	     24.0117
    234.3432	     24.1484
    234.4431	     24.2773
    234.5433	     24.3984
    234.6430	     24.5117
    234.7434	     24.6172
    234.8430	     24.7070
    234.9435	     24.7266
    235.0432	     24.6523
    235.1434	     24.5391
    235.2431	     24.4531
    235.3434	     24.4141
    235.4432	     24.3398
    235.5434	     24.2109
    235.6432	     24.0977
    235.7434	     24.0234
    235.8432	     23.9805
    235.9437	     23.9453
    236.0433	     23.9063
    236.1435	     23.8633
    236.2432	     23.8047
    236.3435	     23.7461
    236.4433	     23.7148
    236.5436	     23.7266
    236.6433	     23.7344
    236.7435	     23.6719
    236.8433	     23.5547
    236.9437	     23.4141
    237.0433	     23.2930
    237.1436	     23.2227
    237.2433	     23.1641
    237.3436	     23.1055
    237.4434	     23.0313
    237.5436	     22.9531
    237.6434	     22.8672
    237.7437	     22.7852
    237.8434	     22.6992
    237.9438	     22.6094
    238.0434	     22.5117
    238.1436	     22.4102
    238.2435	     22.3047
    238.3437	     22.1992
    238.4435	     22.0977
    238.5437	     22.0117
    238.6435	     21.9414
    238.7435	     21.9023
    238.8435	     21.9023
    238.9439	     21.9453
    239.0436	     21.9766
    239.1436	     21.9688
    239.2436	     21.9375
    239.3438	     21.9102
    239.4436	     21.8945
    239.5436	     21.8867
    239.6436	     21.8867
    239.7439	     21.8984
    239.8436	     21.9141
    239.9440	     21.9375
    240.0437	     21.9688
    240.1438	     21.9922
    240.2437	     22.0039
    240.3437	     21.9883
    240.4437	     21.9609
    240.5438	     21.9219
    240.6437	     21.8711
    240.7438	     21.8203
    240.8437	     21.7500
    240.9441	     21.6758
    241.0437	     21.6211
    241.1439	     21.5703
    241.2438	     21.5195
    241.3439	     21.4766
    241.4436	     21.4531
    241.5439	     21.4414
    241.6439	     21.4219
    241.7439	     21.3672
    241.8439	     21.2695
    241.9442	     21.1367
    242.0439	     20.9414
    242.1440	     20.7070
    242.2439	     20.5117
    242.3440	     20.3867
    242.4440	     20.3086
    242.5440	     20.2422
    242.6440	     20.1602
    242.7441	     20.0859
    242.8440	     20.0156
    242.9443	     19.9414
    243.0440	     19.8281
    243.1441	     19.6641
    243.2438	     19.4766
    243.3441	     19.2734
    243.4441	     19.0781
    243.5441	     18.8984
    243.6441	     18.7266
    243.7442	     18.5508
    243.8441	     18.3672
    243.9441	     18.1953
    244.0441	     18.0273
    244.1442	     17.8594
    244.2439	     17.6875
    244.3442	     17.5156
    244.4442	     17.3398
    244.5442	     17.1641
    244.6439	     16.9922
    244.7439	     16.8203
    244.8439	     16.6289
    244.9441	     16.4180
    245.0439	     16.1992
    245.1439	     15.9766
    245.2438	     15.7539
    245.3439	     15.5195
    245.4437	     15.2773
    245.5439	     15.0313
    245.6439	     14.7969
    245.7439	     14.5508
    245.8440	     14.2773
    245.9442	     13.9727
    246.0443	     13.6484
    246.1440	     13.3438
    246.2439	     13.0859
    246.3441	     12.8711
    246.4441	     12.6992
    246.5441	     12.5586
    246.6441	     12.4414
    246.7439	     12.3281
    246.8444	     12.1992
    246.9443	     12.0586
