﻿Time_s      	WheelBasedVehicleSpd
      0.2789	      0.0000
      0.3784	      0.0000
      0.4789	      0.0000
      0.5785	      0.0000
      0.6785	      0.0000
      0.7784	      0.0000
      0.8789	      0.0000
      0.9786	      0.0000
      1.0794	      0.0000
      1.1786	      0.0000
      1.2790	      0.0000
      1.3785	      0.0000
      1.4790	      0.0000
      1.5786	      0.0000
      1.6792	      0.0000
      1.7786	      0.0000
      1.8790	      0.0000
      1.9790	      0.0000
      2.0785	      0.0000
      2.1787	      0.0000
      2.2790	      0.0000
      2.3787	      0.0000
      2.4790	      0.0000
      2.5790	      0.0000
      2.6791	      0.0000
      2.7787	      0.0000
      2.8791	      0.0000
      2.9790	      0.0000
      3.0792	      0.0000
      3.1791	      0.0000
      3.2791	      0.0000
      3.3791	      0.0000
      3.4791	      0.0000
      3.5791	      0.0000
      3.6791	      0.0000
      3.7791	      0.0000
      3.8791	      0.0000
      3.9791	      0.0000
      4.0794	      0.0000
      4.1792	      0.0000
      4.2795	      0.0000
      4.3792	      0.0000
      4.4794	      0.0000
      4.5792	      0.0000
      4.6786	      0.0000
      4.7792	      0.0000
      4.8795	      0.0000
      4.9793	      0.0000
      5.0788	      0.0000
      5.1786	      0.0000
      5.2795	      0.0000
      5.3796	      0.0000
      5.4795	      0.0000
      5.5793	      0.0000
      5.6787	      0.0000
      5.7793	      0.0000
      5.8796	      0.0000
      5.9794	      0.0000
      6.0792	      0.0000
      6.1788	      0.0000
      6.2796	      0.0000
      6.3796	      0.0000
      6.4797	      0.0000
      6.5794	      0.0000
      6.6788	      0.0000
      6.7794	      0.0000
      6.8796	      0.0000
      6.9795	      0.0000
      7.0793	      0.0000
      7.1793	      0.0000
      7.2797	      0.0000
      7.3798	      0.0000
      7.4797	      0.0000
      7.5795	      0.0000
      7.6789	      0.0000
      7.7796	      0.0000
      7.8797	      0.0000
      7.9796	      0.0000
      8.0794	      0.0000
      8.1795	      0.0000
      8.2798	      0.0000
      8.3798	      0.0000
      8.4798	      0.0000
      8.5797	      0.0000
      8.6795	      0.0000
      8.7797	      0.0000
      8.8799	      0.0000
      8.9797	      0.0000
      9.0797	      0.0000
      9.1790	      0.0000
      9.2799	      0.0000
      9.3799	      0.0000
      9.4799	      0.0000
      9.5798	      0.0000
      9.6796	      0.0000
      9.7798	      0.0000
      9.8799	      0.0000
      9.9798	      0.0000
     10.0799	      0.0000
     10.1797	      0.0000
     10.2799	      0.0000
     10.3799	      0.0000
     10.4800	      0.0000
     10.5799	      0.0000
     10.6798	      0.0000
     10.7799	      0.0000
     10.8800	      0.0000
     10.9799	      0.0000
     11.0799	      0.0000
     11.1800	      0.0000
     11.2800	      0.0000
     11.3800	      0.0000
     11.4800	      0.0000
     11.5800	      0.0000
     11.6800	      0.0000
     11.7800	      0.0000
     11.8801	      0.0000
     11.9800	      0.0000
     12.0801	      0.0000
     12.1801	      0.0000
     12.2801	      0.0000
     12.3801	      0.0000
     12.4801	      0.0000
     12.5801	      0.0000
     12.6801	      0.0000
     12.7801	      0.0000
     12.8802	      0.0000
     12.9802	      0.0000
     13.0802	      0.0000
     13.1801	      0.0000
     13.2802	      0.0000
     13.3802	      0.0000
     13.4802	      0.0000
     13.5802	      0.0000
     13.6803	      0.0000
     13.7802	      0.0000
     13.8802	      0.0000
     13.9803	      0.0000
     14.0803	      0.0000
     14.1803	      0.0000
     14.2803	      0.0000
     14.3803	      0.0000
     14.4803	      0.0000
     14.5803	      0.0000
     14.6801	      0.0000
     14.7803	      0.0000
     14.8804	      0.0000
     14.9803	      0.0000
     15.0804	      0.0000
     15.1801	      0.0000
     15.2801	      0.0000
     15.3804	      0.0000
     15.4802	      0.0000
     15.5804	      0.0000
     15.6801	      0.0000
     15.7802	      0.0000
     15.8801	      0.0000
     15.9804	      0.0000
     16.0805	      0.0000
     16.1799	      0.0000
     16.2802	      0.0000
     16.3799	      0.0000
     16.4799	      0.0000
     16.5799	      0.0000
     16.6800	      0.0000
     16.7799	      0.0000
     16.8799	      0.0000
     16.9800	      0.0000
     17.0801	      0.0000
     17.1799	      0.0000
     17.2803	      0.0000
     17.3803	      0.0000
     17.4803	      0.0000
     17.5803	      0.0000
     17.6803	      0.0000
     17.7806	      0.0000
     17.8801	      0.0000
     17.9800	      0.0000
     18.0803	      0.0000
     18.1801	      0.0000
     18.2801	      0.0000
     18.3801	      0.0000
     18.4801	      0.0000
     18.5801	      0.0000
     18.6801	      0.0000
     18.7802	      0.0000
     18.8801	      0.0000
     18.9801	      0.0000
     19.0806	      0.0000
     19.1801	      0.0000
     19.2802	      0.0000
     19.3802	      0.0000
     19.4801	      0.0000
     19.5801	      0.0000
     19.6802	      0.0000
     19.7802	      0.0000
     19.8802	      0.0000
     19.9802	      0.0000
     20.0804	      0.0000
     20.1802	      0.0000
     20.2803	      0.0000
     20.3802	      0.0000
     20.4802	      0.0000
     20.5803	      0.0000
     20.6803	      0.0000
     20.7802	      0.0000
     20.8803	      0.0000
     20.9803	      0.0000
     21.0803	      0.0000
     21.1804	      0.0000
     21.2803	      0.0000
     21.3803	      0.0000
     21.4804	      0.0000
     21.5803	      0.0000
     21.6803	      0.0000
     21.7804	      0.0000
     21.8804	      0.0000
     21.9804	      0.0000
     22.0806	      0.0000
     22.1804	      0.0000
     22.2804	      0.0000
     22.3805	      0.0000
     22.4804	      0.0000
     22.5804	      0.0000
     22.6805	      0.0000
     22.7804	      0.0000
     22.8804	      0.0000
     22.9805	      0.0000
     23.0807	      0.0000
     23.1805	      0.0000
     23.2806	      0.0000
     23.3805	      0.0000
     23.4805	      0.0000
     23.5806	      0.0000
     23.6805	      0.0000
     23.7805	      0.0000
     23.8806	      0.0000
     23.9805	      0.0000
     24.0805	      0.0000
     24.1807	      0.0000
     24.2806	      0.0000
     24.3806	      0.0000
     24.4807	      0.0000
     24.5806	      0.0000
     24.6806	      0.0000
     24.7807	      0.0000
     24.8806	      0.0000
     24.9807	      0.0000
     25.0809	      0.0000
     25.1807	      0.0000
     25.2807	      0.0000
     25.3807	      0.0000
     25.4807	      0.0000
     25.5807	      0.0000
     25.6808	      0.0000
     25.7807	      0.0000
     25.8807	      0.0000
     25.9808	      0.0000
     26.0807	      0.0000
     26.1807	      0.0000
     26.2808	      0.0000
     26.3807	      0.0000
     26.4807	      0.0000
     26.5809	      0.0000
     26.6808	      0.0000
     26.7808	      0.0000
     26.8809	      0.0000
     26.9808	      0.0000
     27.0810	      0.0000
     27.1809	      0.0000
     27.2808	      0.0000
     27.3808	      0.0000
     27.4809	      0.0000
     27.5805	      0.0000
     27.6806	      0.0000
     27.7809	      0.0000
     27.8806	      0.0000
     27.9809	      0.0000
     28.0812	      0.0000
     28.1806	      0.0000
     28.2809	      0.0000
     28.3810	      0.0000
     28.4806	      0.0000
     28.5809	      0.0000
     28.6810	      0.0000
     28.7809	      0.0000
     28.8807	      0.0000
     28.9810	      0.0000
     29.0812	      0.0000
     29.1807	      0.0000
     29.2811	      0.0000
     29.3807	      0.0000
     29.4807	      0.0000
     29.5811	      0.0000
     29.6807	      0.0000
     29.7807	      0.0000
     29.8811	      0.0000
     29.9808	      0.0000
     30.0813	      0.0000
     30.1811	      0.0000
     30.2808	      0.0000
     30.3808	      0.0000
     30.4809	      0.0000
     30.5808	      0.0000
     30.6808	      0.0000
     30.7809	      0.0000
     30.8808	      0.0000
     30.9808	      0.0000
     31.0815	      0.0000
     31.1809	      0.0000
     31.2809	      0.0000
     31.3809	      0.0000
     31.4809	      0.0000
     31.5809	      0.0000
     31.6810	      0.0000
     31.7809	      0.0000
     31.8809	      0.0000
     31.9810	      0.0000
     32.0814	      0.0000
     32.1810	      0.0000
     32.2810	      0.0000
     32.3810	      0.0000
     32.4810	      0.0000
     32.5810	      0.0000
     32.6810	      0.0000
     32.7810	      0.0000
     32.8811	      0.0000
     32.9810	      0.0000
     33.0815	      0.0000
     33.1811	      0.0000
     33.2810	      0.0000
     33.3810	      0.0000
     33.4811	      0.0000
     33.5811	      0.0000
     33.6811	      0.0000
     33.7811	      0.0000
     33.8811	      0.0000
     33.9811	      0.0000
     34.0817	      0.0000
     34.1811	      0.0000
     34.2812	      0.0000
     34.3812	      0.0000
     34.4814	      0.0000
     34.5814	      0.0000
     34.6812	      0.0000
     34.7814	      0.0000
     34.8815	      0.0000
     34.9813	      0.0000
     35.0814	      0.0000
     35.1815	      0.0000
     35.2813	      0.0000
     35.3815	      0.0000
     35.4815	      0.0000
     35.5813	      0.0000
     35.6815	      0.0000
     35.7815	      0.0000
     35.8814	      0.0000
     35.9816	      0.0000
     36.0816	      0.0000
     36.1814	      0.0000
     36.2816	      0.0000
     36.3816	      0.0000
     36.4814	      0.0000
     36.5816	      0.0000
     36.6816	      0.0000
     36.7814	      0.0000
     36.8816	      0.0000
     36.9816	      0.0000
     37.0820	      0.0000
     37.1816	      0.0000
     37.2817	      0.0000
     37.3815	      0.0000
     37.4814	      0.0000
     37.5817	      0.0000
     37.6818	      0.0000
     37.7814	      0.0000
     37.8815	      0.0000
     37.9818	      0.0000
     38.0817	      0.0000
     38.1818	      0.0000
     38.2815	      0.0000
     38.3815	      0.0000
     38.4815	      0.0000
     38.5819	      0.0000
     38.6815	      0.0000
     38.7815	      0.0000
     38.8816	      0.0000
     38.9815	      0.0000
     39.0818	      0.0000
     39.1819	      0.0000
     39.2816	      0.0000
     39.3815	      0.0000
     39.4816	      0.0000
     39.5816	      0.0000
     39.6816	      0.0000
     39.7819	      0.0000
     39.8816	      0.0000
     39.9816	      0.0000
     40.0819	      0.0000
     40.1816	      0.0000
     40.2817	      0.0000
     40.3817	      0.0000
     40.4816	      0.0000
     40.5817	      0.0000
     40.6817	      0.0000
     40.7817	      0.0000
     40.8817	      0.0000
     40.9817	      0.0000
     41.0822	      0.0000
     41.1817	      0.0000
     41.2818	      0.0000
     41.3817	      0.0000
     41.4817	      0.0000
     41.5818	      0.0000
     41.6817	      0.0000
     41.7818	      0.0000
     41.8818	      0.0000
     41.9818	      0.0000
     42.0820	      0.0000
     42.1818	      0.0000
     42.2818	      0.0000
     42.3818	      0.0000
     42.4819	      0.0000
     42.5818	      0.0000
     42.6819	      0.0000
     42.7819	      0.0000
     42.8819	      0.0000
     42.9819	      0.0000
     43.0821	      0.0000
     43.1819	      0.0000
     43.2819	      0.0000
     43.3820	      0.0000
     43.4819	      0.0000
     43.5819	      0.0000
     43.6820	      0.0000
     43.7819	      0.0000
     43.8820	      0.0000
     43.9820	      0.0000
     44.0822	      0.0000
     44.1820	      0.0000
     44.2821	      0.0000
     44.3820	      0.0000
     44.4820	      0.0000
     44.5821	      0.0000
     44.6820	      0.0000
     44.7820	      0.0000
     44.8821	      0.0000
     44.9820	      0.0000
     45.0822	      0.0000
     45.1821	      0.0000
     45.2821	      0.0000
     45.3821	      0.0000
     45.4821	      0.0000
     45.5821	      0.0000
     45.6821	      0.0000
     45.7821	      0.0000
     45.8821	      0.0000
     45.9821	      0.0000
     46.0824	      0.0000
     46.1821	      0.0000
     46.2822	      0.0000
     46.3822	      0.0000
     46.4822	      0.0000
     46.5822	      0.0000
     46.6823	      0.0000
     46.7822	      0.0000
     46.8822	      0.0000
     46.9822	      0.0000
     47.0824	      0.0000
     47.1823	      0.0000
     47.2823	      0.0000
     47.3822	      0.0000
     47.4823	      0.0000
     47.5823	      0.0000
     47.6823	      0.0000
     47.7823	      0.0000
     47.8824	      0.0000
     47.9823	      0.0000
     48.0825	      0.0000
     48.1824	      0.0000
     48.2823	      0.0000
     48.3823	      0.0000
     48.4824	      0.0000
     48.5823	      0.0000
     48.6824	      0.0000
     48.7824	      0.0000
     48.8824	      0.0000
     48.9824	      0.0000
     49.0827	      0.0000
     49.1824	      0.0000
     49.2824	      0.0000
     49.3825	      0.0000
     49.4824	      0.0000
     49.5824	      0.0000
     49.6825	      0.0000
     49.7825	      0.0000
     49.8825	      0.0000
     49.9825	      0.0000
     50.0827	      0.0000
     50.1825	      0.0000
     50.2826	      0.0000
     50.3825	      0.0000
     50.4825	      0.0000
     50.5826	      0.0000
     50.6826	      0.0000
     50.7826	      0.0000
     50.8826	      0.0000
     50.9826	      0.0000
     51.0828	      0.0000
     51.1826	      0.0000
     51.2826	      0.0000
     51.3826	      0.0000
     51.4827	      0.0000
     51.5826	      0.0000
     51.6827	      0.0000
     51.7827	      0.0000
     51.8827	      0.0000
     51.9827	      0.0000
     52.0829	      0.0000
     52.1827	      0.0000
     52.2827	      0.0000
     52.3827	      0.0000
     52.4827	      0.0000
     52.5827	      0.0000
     52.6828	      0.0000
     52.7828	      0.0000
     52.8828	      0.0000
     52.9828	      0.0000
     53.0830	      0.0000
     53.1828	      0.0000
     53.2828	      0.0000
     53.3828	      0.0000
     53.4828	      0.0000
     53.5828	      0.0000
     53.6828	      0.0000
     53.7828	      0.0000
     53.8829	      0.0000
     53.9829	      0.0000
     54.0830	      0.0000
     54.1829	      0.0000
     54.2829	      0.0000
     54.3829	      0.0000
     54.4829	      0.0000
     54.5829	      0.0000
     54.6829	      0.0000
     54.7830	      0.0000
     54.8830	      0.0000
     54.9829	      0.0000
     55.0832	      0.0000
     55.1830	      0.0000
     55.2830	      0.0000
     55.3830	      0.0000
     55.4830	      0.0000
     55.5830	      0.0000
     55.6830	      0.0000
     55.7831	      0.0000
     55.8831	      0.0000
     55.9831	      0.0000
     56.0832	      0.0000
     56.1831	      0.0000
     56.2831	      0.0000
     56.3831	      0.0000
     56.4831	      0.0000
     56.5831	      0.0000
     56.6831	      0.0000
     56.7831	      0.0000
     56.8832	      0.0000
     56.9831	      0.0000
     57.0833	      0.0000
     57.1832	      0.0000
     57.2832	      0.0000
     57.3832	      0.0000
     57.4833	      0.0000
     57.5832	      0.0000
     57.6832	      0.0000
     57.7833	      0.0000
     57.8833	      0.0000
     57.9832	      0.0000
     58.0835	      0.0000
     58.1832	      0.0000
     58.2833	      0.0000
     58.3833	      0.0000
     58.4834	      0.0000
     58.5832	      0.0000
     58.6833	      0.0000
     58.7834	      0.0000
     58.8834	      0.0000
     58.9833	      0.0000
     59.0835	      0.0000
     59.1834	      0.0000
     59.2835	      0.0000
     59.3834	      0.0000
     59.4835	      0.0000
     59.5835	      0.0000
     59.6834	      0.0000
     59.7835	      0.0000
     59.8835	      0.0000
     59.9834	      0.0000
     60.0836	      0.0000
     60.1834	      0.0000
     60.2836	      0.0000
     60.3836	      0.0000
     60.4836	      0.0000
     60.5836	      0.0000
     60.6835	      0.0000
     60.7836	      0.0000
     60.8837	      0.0000
     60.9835	      0.0000
     61.0837	      0.0000
     61.1835	      0.0000
     61.2837	      0.0000
     61.3837	      0.0000
     61.4837	      0.0000
     61.5837	      0.0000
     61.6836	      0.0000
     61.7837	      0.0000
     61.8838	      0.0000
     61.9836	      0.0000
     62.0838	      0.0000
     62.1842	      0.0000
     62.2839	      0.0000
     62.3838	      0.0000
     62.4839	      0.0000
     62.5839	      0.0000
     62.6839	      0.0000
     62.7839	      0.0000
     62.8839	      0.0000
     62.9837	      0.0000
     63.0839	      0.0000
     63.1837	      0.0000
     63.2838	      0.0000
     63.3838	      0.0000
     63.4838	      0.0000
     63.5839	      0.0000
     63.6838	      0.0000
     63.7840	      0.0000
     63.8840	      0.0000
     63.9840	      0.0000
     64.0840	      0.0000
     64.1840	      0.0000
     64.2839	      0.0000
     64.3840	      0.0000
     64.4840	      0.0000
     64.5840	      0.0000
     64.6841	      0.0000
     64.7840	      0.0000
     64.8841	      0.0000
     64.9840	      0.0000
     65.0842	      0.0000
     65.1839	      0.0000
     65.2841	      0.0000
     65.3840	      0.0000
     65.4840	      0.0000
     65.5840	      0.0000
     65.6841	      0.0000
     65.7839	      0.0000
     65.8840	      0.0000
     65.9841	      0.0000
     66.0843	      0.0000
     66.1841	      0.0000
     66.2841	      0.0000
     66.3841	      0.0000
     66.4840	      0.0000
     66.5841	      0.0000
     66.6842	      0.0000
     66.7840	      0.0000
     66.8841	      0.0000
     66.9842	      0.0000
     67.0842	      0.0000
     67.1842	      0.0000
     67.2843	      0.0000
     67.3843	      0.0000
     67.4843	      0.0000
     67.5842	      0.0000
     67.6843	      0.0000
     67.7843	      0.0000
     67.8843	      0.0000
     67.9842	      0.0000
     68.0843	      0.0000
     68.1843	      0.0000
     68.2844	      0.0000
     68.3843	      0.0000
     68.4844	      0.0000
     68.5844	      0.0000
     68.6843	      0.0000
     68.7844	      0.0000
     68.8844	      0.0000
     68.9843	      0.0000
     69.0845	      0.0000
     69.1844	      0.0000
     69.2844	      0.0000
     69.3844	      0.0000
     69.4845	      0.0000
     69.5844	      0.0000
     69.6844	      0.0000
     69.7844	      0.0000
     69.8844	      0.0000
     69.9844	      0.0000
     70.0845	      0.0000
     70.1844	      0.0000
     70.2845	      0.0000
     70.3845	      0.0000
     70.4845	      0.0000
     70.5845	      0.0000
     70.6846	      0.0000
     70.7845	      0.0000
     70.8845	      0.0000
     70.9846	      0.0000
     71.0847	      0.0000
     71.1845	      0.0000
     71.2848	      0.0000
     71.3847	      0.0000
     71.4848	      0.0000
     71.5848	      0.0000
     71.6848	      0.0000
     71.7848	      0.0000
     71.8849	      0.0000
     71.9848	      0.0000
     72.0850	      0.0000
     72.1847	      0.0000
     72.2848	      0.0000
     72.3848	      0.0000
     72.4850	      0.0000
     72.5847	      0.0000
     72.6849	      0.0000
     72.7849	      0.0000
     72.8849	      0.0000
     72.9849	      0.0000
     73.0850	      0.0000
     73.1849	      0.1641
     73.2849	      0.5781
     73.3850	      1.0820
     73.4849	      1.5625
     73.5849	      1.9648
     73.6850	      2.3008
     73.7849	      2.6094
     73.8850	      2.8867
     73.9850	      3.1250
     74.0851	      3.3594
     74.1850	      3.7227
     74.2851	      4.2266
     74.3850	      4.8320
     74.4851	      5.5000
     74.5850	      6.1484
     74.6850	      6.7148
     74.7850	      7.2500
     74.8851	      7.7734
     74.9850	      8.2773
     75.0853	      8.7578
     75.1851	      9.2500
     75.2851	      9.7734
     75.3851	     10.3047
     75.4851	     10.8281
     75.5851	     11.3359
     75.6851	     11.8359
     75.7852	     12.3398
     75.8851	     12.8438
     75.9852	     13.3398
     76.0854	     13.8164
     76.1851	     14.2773
     76.2852	     14.7344
     76.3852	     15.2109
     76.4852	     15.6836
     76.5852	     16.1445
     76.6852	     16.5859
     76.7852	     17.0195
     76.8852	     17.4414
     76.9853	     17.8633
     77.0854	     18.2852
     77.1852	     18.6641
     77.2853	     18.9688
     77.3852	     19.1797
     77.4853	     19.2656
     77.5853	     19.2539
     77.6853	     19.2266
     77.7853	     19.2188
     77.8855	     19.2188
     77.9854	     19.1992
     78.0853	     19.1523
     78.1854	     19.0938
     78.2854	     19.0586
     78.3849	     19.0703
     78.4854	     19.0977
     78.5853	     19.1641
     78.6853	     19.3281
     78.7854	     19.5781
     78.8854	     19.8984
     78.9854	     20.2773
     79.0855	     20.7109
     79.1854	     21.1680
     79.2854	     21.6367
     79.3855	     22.1016
     79.4851	     22.5703
     79.5854	     23.0273
     79.6855	     23.4688
     79.7852	     23.8984
     79.8855	     24.3203
     79.9855	     24.6875
     80.0856	     24.9531
     80.1855	     25.0547
     80.2856	     25.0039
     80.3852	     24.9414
     80.4855	     24.9297
     80.5856	     24.8984
     80.6856	     24.8555
     80.7856	     24.8242
     80.8856	     24.8438
     80.9855	     24.9219
     81.0858	     25.0000
     81.1857	     25.1719
     81.2856	     25.4453
     81.3853	     25.7813
     81.4857	     26.1445
     81.5856	     26.5000
     81.6856	     26.8438
     81.7857	     27.1875
     81.8854	     27.5195
     81.9856	     27.7891
     82.0859	     27.8828
     82.1856	     27.8047
     82.2858	     27.6250
     82.3858	     27.4023
     82.4858	     27.2461
     82.5858	     27.1680
     82.6859	     27.1172
     82.7858	     27.0547
     82.8855	     26.9883
     82.9859	     26.9180
     83.0855	     26.8594
     83.1858	     26.8477
     83.2859	     26.8906
     83.3858	     26.9141
     83.4856	     26.8789
     83.5854	     26.7813
     83.6853	     26.6602
     83.7859	     26.5664
     83.8860	     26.4609
     83.9859	     26.2969
     84.0861	     26.0938
     84.1857	     25.9063
     84.2857	     25.7266
     84.3857	     25.5430
     84.4855	     25.3516
     84.5856	     25.1484
     84.6860	     24.9336
     84.7860	     24.7227
     84.8857	     24.5078
     84.9857	     24.2891
     85.0862	     24.0703
     85.1860	     23.8594
     85.2861	     23.6445
     85.3858	     23.4258
     85.4857	     23.2031
     85.5858	     22.9883
     85.6857	     22.7813
     85.7859	     22.5703
     85.8859	     22.3125
     85.9857	     21.9688
     86.0859	     21.5234
     86.1859	     20.9961
     86.2860	     20.4023
     86.3859	     19.7539
     86.4859	     19.0664
     86.5860	     18.3828
     86.6857	     17.7109
     86.7860	     17.0508
     86.8860	     16.3867
     86.9860	     15.7344
     87.0861	     15.1016
     87.1857	     14.4648
     87.2860	     13.8203
     87.3860	     13.1914
     87.4861	     12.5742
     87.5860	     11.9453
     87.6858	     11.3242
     87.7860	     10.7305
     87.8860	     10.1445
     87.9860	      9.5898
     88.0863	      9.0430
     88.1857	      8.5273
     88.2861	      8.0742
     88.3861	      7.6875
     88.4860	      7.2852
     88.5860	      6.7227
     88.6858	      6.0039
     88.7861	      5.3164
     88.8861	      4.7969
     88.9858	      4.4180
     89.0862	      4.0313
     89.1858	      3.6367
     89.2862	      3.2461
     89.3861	      2.9297
     89.4861	      2.7227
     89.5862	      2.6094
     89.6859	      2.5625
     89.7862	      2.5586
     89.8862	      2.5703
     89.9862	      2.5859
     90.0863	      2.6016
     90.1860	      2.6094
     90.2862	      2.6133
     90.3862	      2.6172
     90.4863	      2.6172
     90.5862	      2.6172
     90.6860	      2.5742
     90.7863	      2.1680
     90.8862	      1.5039
     90.9863	      0.8594
     91.0865	      0.3789
     91.1863	      0.0859
     91.2863	      0.0000
     91.3863	      0.0000
     91.4863	      0.0000
     91.5863	      0.0000
     91.6861	      0.0000
     91.7863	      0.0000
     91.8864	      0.0000
     91.9864	      0.0039
     92.0865	      0.0039
     92.1864	      0.0039
     92.2864	      0.0039
     92.3863	      0.0000
     92.4864	      0.0000
     92.5864	      0.0000
     92.6861	      0.0000
     92.7864	      0.0000
     92.8865	      0.0000
     92.9864	      0.0000
     93.0865	      0.0000
     93.1862	      0.0000
     93.2865	      0.0000
     93.3865	      0.0000
     93.4865	      0.0000
     93.5865	      0.0000
     93.6865	      0.0000
     93.7866	      0.0000
     93.8865	      0.0000
     93.9865	      0.0000
     94.0867	      0.0000
     94.1862	      0.0000
     94.2866	      0.0000
     94.3866	      0.0000
     94.4866	      0.0000
     94.5866	      0.0000
     94.6863	      0.0000
     94.7866	      0.0000
     94.8866	      0.0000
     94.9867	      0.0000
     95.0867	      0.0000
     95.1863	      0.0000
     95.2867	      0.0000
     95.3864	      0.0000
     95.4867	      0.0000
     95.5867	      0.0000
     95.6866	      0.0000
     95.7867	      0.0000
     95.8868	      0.0000
     95.9864	      0.0000
     96.0868	      0.0000
     96.1865	      0.0000
     96.2867	      0.0000
     96.3867	      0.0000
     96.4868	      0.0000
     96.5868	      0.0000
     96.6868	      0.0000
     96.7868	      0.0000
     96.8868	      0.0000
     96.9865	      0.0000
     97.0870	      0.0000
     97.1868	      0.0000
     97.2868	      0.0000
     97.3869	      0.0000
     97.4868	      0.0000
     97.5868	      0.0000
     97.6869	      0.0000
     97.7868	      0.0000
     97.8869	      0.0000
     97.9866	      0.0000
     98.0870	      0.0000
     98.1869	      0.0000
     98.2870	      0.0000
     98.3869	      0.0000
     98.4869	      0.0000
     98.5867	      0.0000
     98.6868	      0.0000
     98.7871	      0.0000
     98.8872	      0.0000
     98.9871	      0.0000
     99.0873	      0.0000
     99.1869	      0.0000
     99.2872	      0.0000
     99.3871	      0.0000
     99.4873	      0.0000
     99.5872	      0.0000
     99.6869	      0.0000
     99.7873	      0.0000
     99.8872	      0.0000
     99.9872	      0.0000
    100.0874	      0.0078
    100.1870	      0.3164
    100.2873	      1.0508
    100.3873	      1.9375
    100.4872	      2.7930
    100.5873	      3.5586
    100.6874	      4.1953
    100.7873	      4.6406
    100.8873	      4.9180
    100.9871	      5.1953
    101.0874	      5.6016
    101.1871	      6.1523
    101.2874	      6.8125
    101.3873	      7.5000
    101.4873	      8.1680
    101.5874	      8.8281
    101.6871	      9.4727
    101.7874	     10.0938
    101.8875	     10.7070
    101.9871	     11.3359
    102.0875	     11.9570
    102.1872	     12.5586
    102.2874	     13.1367
    102.3874	     13.7109
    102.4875	     14.3047
    102.5874	     14.8984
    102.6872	     15.4805
    102.7875	     16.0469
    102.8875	     16.5977
    102.9875	     17.1406
    103.0877	     17.6953
    103.1875	     18.2578
    103.2875	     18.8164
    103.3876	     19.3594
    103.4875	     19.8828
    103.5873	     20.3711
    103.6876	     20.7578
    103.7875	     20.9531
    103.8876	     20.9297
    103.9874	     20.7461
    104.0877	     20.5508
    104.1873	     20.4141
    104.2878	     20.3242
    104.3875	     20.2422
    104.4877	     20.1367
    104.5878	     20.0156
    104.6874	     19.8867
    104.7877	     19.7617
    104.8878	     19.6328
    104.9876	     19.5234
    105.0878	     19.4727
    105.1875	     19.5195
    105.2877	     19.6953
    105.3877	     20.0117
    105.4878	     20.4688
    105.5877	     21.1406
    105.6875	     21.9727
    105.7878	     22.8516
    105.8878	     23.5859
    105.9878	     24.0195
    106.0880	     24.0313
    106.1877	     23.6953
    106.2878	     23.2070
    106.3879	     22.7148
    106.4878	     22.2734
    106.5879	     21.8945
    106.6877	     21.5469
    106.7874	     21.2227
    106.8879	     20.9453
    106.9875	     20.7305
    107.0880	     20.5742
    107.1876	     20.4766
    107.2881	     20.4141
    107.3878	     20.3711
    107.4879	     20.3594
    107.5880	     20.3750
    107.6879	     20.4063
    107.7879	     20.4688
    107.8880	     20.5742
    107.9879	     20.7109
    108.0880	     20.8516
    108.1880	     20.9883
    108.2880	     21.1328
    108.3880	     21.2891
    108.4881	     21.4531
    108.5880	     21.6328
    108.6877	     21.8398
    108.7881	     22.0898
    108.8880	     22.3867
    108.9878	     22.7266
    109.0879	     23.0820
    109.1877	     23.4375
    109.2881	     23.7852
    109.3882	     24.1094
    109.4881	     24.3555
    109.5881	     24.5039
    109.6879	     24.5391
    109.7881	     24.4531
    109.8882	     24.3125
    109.9883	     24.1797
    110.0880	     24.0625
    110.1882	     23.9492
    110.2883	     23.7500
    110.3882	     23.5117
    110.4882	     23.2891
    110.5883	     23.0898
    110.6883	     22.9102
    110.7883	     22.7344
    110.8884	     22.5430
    110.9883	     22.3438
    111.0884	     22.1641
    111.1880	     22.0742
    111.2883	     22.1758
    111.3883	     22.5273
    111.4883	     23.1602
    111.5883	     23.9023
    111.6880	     24.5586
    111.7884	     24.9531
    111.8884	     25.0195
    111.9881	     24.8281
    112.0886	     24.5742
    112.1881	     24.3047
    112.2884	     24.0742
    112.3885	     23.7422
    112.4884	     23.1406
    112.5884	     22.2734
    112.6883	     21.2422
    112.7884	     20.1992
    112.8885	     19.2539
    112.9885	     18.5000
    113.0886	     17.9688
    113.1882	     17.6680
    113.2886	     17.5391
    113.3883	     17.4844
    113.4885	     17.4375
    113.5886	     17.3711
    113.6885	     17.2852
    113.7886	     17.1641
    113.8886	     17.0156
    113.9883	     16.8594
    114.0884	     16.7188
    114.1886	     16.6055
    114.2886	     16.5352
    114.3885	     16.5078
    114.4886	     16.5273
    114.5886	     16.6406
    114.6883	     16.8945
    114.7886	     17.3203
    114.8886	     17.9297
    114.9886	     18.6719
    115.0888	     19.5039
    115.1883	     20.3359
    115.2886	     21.0664
    115.3887	     21.6055
    115.4883	     21.9258
    115.5887	     22.0547
    115.6884	     22.0117
    115.7886	     21.8750
    115.8887	     21.7031
    115.9888	     21.5547
    116.0888	     21.4492
    116.1887	     21.4023
    116.2888	     21.4180
    116.3887	     21.4766
    116.4887	     21.5820
    116.5888	     21.7344
    116.6884	     21.9258
    116.7887	     22.1641
    116.8888	     22.4414
    116.9885	     22.7422
    117.0889	     23.0273
    117.1886	     23.2813
    117.2888	     23.4844
    117.3885	     23.6172
    117.4888	     23.6914
    117.5884	     23.6797
    117.6886	     23.5703
    117.7888	     23.4414
    117.8889	     23.3477
    117.9886	     23.2695
    118.0891	     23.1875
    118.1886	     23.0898
    118.2888	     22.9766
    118.3885	     22.8594
    118.4890	     22.7422
    118.5887	     22.6406
    118.6888	     22.5508
    118.7890	     22.4609
    118.8890	     22.3438
    118.9890	     22.1836
    119.0887	     21.9844
    119.1885	     21.7500
    119.2891	     21.5078
    119.3890	     21.2930
    119.4890	     21.1094
    119.5891	     20.9375
    119.6885	     20.7461
    119.7891	     20.5195
    119.8892	     20.2617
    119.9888	     19.9883
    120.0892	     19.6992
    120.1889	     19.3906
    120.2891	     19.0586
    120.3891	     18.7109
    120.4887	     18.3789
    120.5891	     18.0547
    120.6887	     17.7539
    120.7892	     17.4648
    120.8892	     17.1797
    120.9892	     16.9336
    121.0894	     16.7500
    121.1892	     16.6406
    121.2892	     16.6523
    121.3893	     16.7734
    121.4887	     16.9102
    121.5892	     16.9609
    121.6890	     16.8984
    121.7892	     16.7266
    121.8893	     16.5078
    121.9893	     16.2930
    122.0894	     16.0938
    122.1890	     15.9063
    122.2894	     15.7422
    122.3890	     15.6250
    122.4888	     15.5625
    122.5893	     15.5469
    122.6889	     15.5859
    122.7890	     15.7227
    122.8894	     15.9844
    122.9890	     16.3594
    123.0894	     16.8242
    123.1891	     17.3594
    123.2891	     17.9141
    123.3890	     18.4180
    123.4891	     18.8477
    123.5890	     19.1875
    123.6891	     19.4531
    123.7891	     19.6680
    123.8890	     19.8594
    123.9891	     20.0625
    124.0893	     20.2734
    124.1891	     20.4961
    124.2892	     20.7617
    124.3892	     21.0469
    124.4891	     21.2656
    124.5892	     21.3516
    124.6892	     21.3711
    124.7891	     21.4102
    124.8893	     21.5078
    124.9896	     21.6328
    125.0891	     21.7383
    125.1893	     21.8203
    125.2894	     21.8711
    125.3893	     21.9063
    125.4893	     21.9570
    125.5893	     22.0508
    125.6892	     22.1953
    125.7892	     22.4102
    125.8894	     22.7344
    125.9892	     23.1914
    126.0894	     23.8008
    126.1893	     24.5508
    126.2893	     25.3906
    126.3893	     26.2773
    126.4894	     27.1445
    126.5893	     27.8438
    126.6893	     28.2773
    126.7894	     28.4883
    126.8893	     28.5781
    126.9894	     28.6523
    127.0896	     28.7539
    127.1893	     28.8320
    127.2894	     28.8516
    127.3894	     28.7891
    127.4893	     28.6680
    127.5895	     28.5273
    127.6895	     28.3633
    127.7892	     28.2031
    127.8895	     28.0742
    127.9896	     27.9648
    128.0894	     27.8633
    128.1895	     27.7852
    128.2897	     27.7188
    128.3895	     27.6797
    128.4896	     27.5781
    128.5896	     27.4570
    128.6895	     27.3633
    128.7896	     27.2695
    128.8894	     27.1367
    128.9896	     26.9844
    129.0897	     26.8398
    129.1897	     26.7188
    129.2894	     26.6055
    129.3896	     26.5000
    129.4897	     26.4063
    129.5896	     26.3164
    129.6894	     26.2266
    129.7897	     26.1328
    129.8897	     26.0313
    129.9897	     25.9297
    130.0899	     25.8203
    130.1897	     25.7148
    130.2895	     25.6016
    130.3898	     25.4688
    130.4897	     25.2969
    130.5897	     25.0703
    130.6896	     24.8281
    130.7895	     24.5977
    130.8898	     24.3711
    130.9899	     24.1484
    131.0899	     23.9258
    131.1898	     23.6992
    131.2899	     23.4688
    131.3898	     23.2461
    131.4898	     23.0195
    131.5896	     22.7969
    131.6896	     22.5703
    131.7898	     22.3398
    131.8899	     22.1016
    131.9898	     21.8672
    132.0898	     21.6367
    132.1900	     21.4141
    132.2899	     21.2188
    132.3896	     21.0938
    132.4900	     21.0547
    132.5896	     21.0742
    132.6899	     21.0938
    132.7900	     21.0859
    132.8899	     21.0469
    132.9899	     20.9844
    133.0902	     20.9102
    133.1899	     20.8203
    133.2900	     20.6953
    133.3900	     20.5508
    133.4900	     20.4023
    133.5901	     20.2656
    133.6901	     20.1328
    133.7898	     20.0000
    133.8901	     19.8828
    133.9901	     19.7695
    134.0901	     19.6563
    134.1901	     19.5508
    134.2902	     19.4570
    134.3900	     19.3750
    134.4901	     19.3047
    134.5900	     19.2344
    134.6901	     19.1602
    134.7901	     19.0977
    134.8900	     19.0586
    134.9900	     19.0547
    135.0901	     19.0898
    135.1902	     19.1914
    135.2901	     19.3984
    135.3901	     19.7383
    135.4902	     20.1992
    135.5901	     20.7305
    135.6901	     21.2461
    135.7902	     21.6992
    135.8901	     22.0938
    135.9901	     22.4414
    136.0904	     22.7500
    136.1901	     22.9961
    136.2902	     23.1719
    136.3902	     23.3008
    136.4902	     23.4023
    136.5903	     23.4727
    136.6903	     23.5078
    136.7902	     23.5469
    136.8902	     23.6211
    136.9903	     23.7305
    137.0903	     23.8711
    137.1902	     24.0273
    137.2903	     24.1875
    137.3902	     24.3086
    137.4903	     24.3242
    137.5904	     24.2461
    137.6903	     24.1719
    137.7903	     24.1641
    137.8905	     24.2109
    137.9901	     24.2031
    138.0904	     24.1797
    138.1904	     24.1719
    138.2903	     24.1953
    138.3904	     24.2383
    138.4904	     24.3125
    138.5904	     24.4297
    138.6904	     24.6250
    138.7904	     24.9375
    138.8904	     25.3672
    138.9904	     25.8906
    139.0906	     26.4414
    139.1904	     26.9922
    139.2905	     27.5156
    139.3905	     27.9688
    139.4905	     28.3242
    139.5905	     28.6172
    139.6906	     28.8906
    139.7905	     29.1797
    139.8905	     29.4844
    139.9906	     29.8086
    140.0906	     30.1758
    140.1905	     30.5664
    140.2906	     30.9531
    140.3905	     31.3242
    140.4905	     31.6836
    140.5907	     32.0469
    140.6905	     32.3828
    140.7906	     32.6172
    140.8907	     32.6836
    140.9906	     32.6055
    141.0907	     32.5234
    141.1907	     32.4844
    141.2906	     32.4648
    141.3906	     32.4453
    141.4908	     32.4180
    141.5906	     32.3828
    141.6907	     32.3477
    141.7908	     32.3203
    141.8907	     32.3008
    141.9907	     32.2852
    142.0909	     32.2656
    142.1907	     32.2266
    142.2907	     32.1641
    142.3906	     32.1055
    142.4907	     32.0547
    142.5906	     32.0664
    142.6908	     32.1836
    142.7907	     32.3906
    142.8907	     32.6523
    142.9908	     32.9219
    143.0908	     33.1055
    143.1907	     33.1523
    143.2909	     33.0703
    143.3907	     32.9453
    143.4908	     32.7813
    143.5907	     32.6133
    143.6908	     32.4727
    143.7909	     32.3398
    143.8910	     32.2109
    143.9909	     32.0742
    144.0910	     31.9102
    144.1910	     31.7344
    144.2907	     31.5547
    144.3907	     31.3789
    144.4911	     31.2109
    144.5909	     31.0508
    144.6910	     30.8984
    144.7911	     30.7500
    144.8910	     30.5977
    144.9907	     30.4375
    145.0912	     30.2773
    145.1910	     30.1133
    145.2910	     29.9297
    145.3908	     29.7383
    145.4908	     29.5664
    145.5908	     29.3984
    145.6911	     29.2266
    145.7910	     29.0664
    145.8911	     29.0469
    145.9911	     29.1797
    146.0912	     29.3438
    146.1910	     29.4922
    146.2911	     29.6133
    146.3910	     29.6875
    146.4910	     29.6953
    146.5910	     29.6172
    146.6910	     29.4844
    146.7912	     29.3594
    146.8913	     29.2617
    146.9912	     29.1836
    147.0913	     29.1133
    147.1910	     29.0391
    147.2912	     29.0078
    147.3911	     29.1563
    147.4912	     29.4297
    147.5911	     29.7188
    147.6912	     29.9766
    147.7912	     30.1992
    147.8912	     30.3516
    147.9912	     30.4141
    148.0913	     30.4297
    148.1912	     30.4453
    148.2912	     30.4883
    148.3913	     30.5859
    148.4912	     30.8242
    148.5912	     31.1523
    148.6913	     31.4727
    148.7912	     31.7109
    148.8913	     31.8008
    148.9914	     31.7031
    149.0914	     31.4922
    149.1914	     31.2695
    149.2915	     31.0547
    149.3914	     30.8789
    149.4914	     30.7461
    149.5915	     30.6641
    149.6913	     30.7109
    149.7913	     30.9141
    149.8914	     31.2109
    149.9914	     31.5117
    150.0915	     31.7930
    150.1915	     32.0547
    150.2914	     32.3594
    150.3914	     32.7031
    150.4915	     33.0742
    150.5914	     33.4961
    150.6915	     33.9766
    150.7915	     34.5352
    150.8914	     34.9766
    150.9915	     35.3398
    151.0917	     35.6992
    151.1914	     36.1289
    151.2915	     36.6016
    151.3916	     37.0898
    151.4915	     37.5938
    151.5915	     38.0742
    151.6916	     38.5508
    151.7915	     39.0195
    151.8915	     39.5039
    151.9916	     40.0469
    152.0916	     40.6602
    152.1915	     41.2891
    152.2916	     41.9023
    152.3915	     42.4688
    152.4915	     43.0195
    152.5917	     43.5664
    152.6915	     44.0977
    152.7916	     44.6055
    152.8917	     45.0898
    152.9915	     45.5664
    153.0917	     46.0391
    153.1917	     46.4883
    153.2916	     46.9336
    153.3916	     47.3672
    153.4917	     47.7813
    153.5916	     48.1602
    153.6917	     48.4531
    153.7917	     48.5742
    153.8917	     48.4883
    153.9917	     48.2617
    154.0919	     48.0547
    154.1917	     47.9336
    154.2918	     47.8672
    154.3918	     47.8281
    154.4918	     47.7852
    154.5918	     47.7188
    154.6919	     47.6289
    154.7918	     47.5195
    154.8918	     47.3945
    154.9919	     47.2734
    155.0919	     47.1523
    155.1918	     47.0195
    155.2920	     46.8555
    155.3916	     46.6836
    155.4919	     46.5000
    155.5920	     46.3203
    155.6919	     46.1719
    155.7919	     46.0664
    155.8918	     46.0156
    155.9919	     46.0156
    156.0919	     46.0117
    156.1920	     45.9570
    156.2920	     45.8711
    156.3918	     45.7773
    156.4921	     45.6914
    156.5920	     45.6172
    156.6920	     45.5352
    156.7921	     45.4492
    156.8921	     45.3516
    156.9920	     45.2422
    157.0923	     45.0898
    157.1918	     44.8867
    157.2921	     44.6719
    157.3920	     44.4844
    157.4921	     44.3125
    157.5921	     44.1328
    157.6922	     43.9297
    157.7918	     43.7188
    157.8921	     43.5195
    157.9922	     43.3438
    158.0922	     43.1758
    158.1921	     43.0078
    158.2923	     42.8672
    158.3919	     42.7305
    158.4922	     42.5703
    158.5923	     42.3789
    158.6922	     42.1680
    158.7922	     41.9609
    158.8923	     41.7891
    158.9922	     41.6367
    159.0924	     41.4922
    159.1923	     41.3516
    159.2923	     41.2148
    159.3922	     41.0703
    159.4924	     40.9063
    159.5922	     40.7070
    159.6923	     40.4844
    159.7925	     40.2539
    159.8923	     40.0664
    159.9923	     39.9219
    160.0927	     39.8008
    160.1923	     39.6914
    160.2924	     39.5703
    160.3924	     39.4297
    160.4924	     39.2539
    160.5923	     39.0586
    160.6924	     38.8594
    160.7922	     38.6758
    160.8924	     38.5117
    160.9922	     38.3633
    161.0926	     38.2070
    161.1924	     38.0195
    161.2925	     37.8086
    161.3924	     37.5703
    161.4924	     37.2969
    161.5923	     36.9961
    161.6924	     36.6797
    161.7925	     36.3555
    161.8926	     36.0547
    161.9924	     35.8086
    162.0926	     35.6055
    162.1926	     35.4141
    162.2925	     35.2188
    162.3925	     35.0156
    162.4923	     34.8281
    162.5925	     34.6797
    162.6925	     34.5664
    162.7926	     34.4570
    162.8926	     34.3477
    162.9926	     34.2461
    163.0927	     34.1445
    163.1926	     34.0273
    163.2926	     33.9180
    163.3924	     33.8555
    163.4923	     33.7891
    163.5926	     33.6992
    163.6925	     33.6016
    163.7926	     33.5156
    163.8927	     33.4531
    163.9927	     33.4570
    164.0926	     33.5313
    164.1926	     33.6992
    164.2927	     33.9492
    164.3926	     34.2344
    164.4926	     34.4922
    164.5927	     34.7109
    164.6926	     34.9141
    164.7926	     35.0781
    164.8928	     35.1797
    164.9926	     35.2148
    165.0927	     35.2031
    165.1928	     35.1875
    165.2927	     35.1758
    165.3927	     35.1484
    165.4928	     35.1055
    165.5927	     35.0664
    165.6928	     35.0586
    165.7929	     35.0664
    165.8927	     35.0703
    165.9926	     35.0313
    166.0930	     34.9180
    166.1927	     34.7344
    166.2928	     34.5508
    166.3929	     34.3555
    166.4928	     34.1641
    166.5928	     34.0156
    166.6928	     33.9023
    166.7928	     33.8047
    166.8929	     33.7070
    166.9930	     33.6055
    167.0927	     33.4961
    167.1929	     33.3906
    167.2931	     33.3555
    167.3929	     33.3711
    167.4929	     33.4375
    167.5930	     33.6133
    167.6928	     33.8164
    167.7929	     33.9961
    167.8930	     34.1094
    167.9929	     34.1016
    168.0930	     33.9492
    168.1931	     33.7227
    168.2930	     33.4922
    168.3930	     33.2578
    168.4931	     33.0586
    168.5928	     32.9141
    168.6930	     32.8047
    168.7932	     32.7305
    168.8928	     32.7656
    168.9931	     32.9219
    169.0932	     33.2070
    169.1931	     33.5000
    169.2931	     33.8008
    169.3931	     34.0703
    169.4930	     34.3203
    169.5931	     34.5664
    169.6932	     34.8281
    169.7931	     35.0977
    169.8931	     35.3594
    169.9932	     35.6406
    170.0932	     35.9766
    170.1931	     36.3984
    170.2932	     36.8906
    170.3931	     37.4414
    170.4932	     38.0000
    170.5933	     38.5352
    170.6931	     39.0430
    170.7931	     39.5078
    170.8932	     39.9102
    170.9931	     40.2422
    171.0933	     40.5469
    171.1932	     40.8555
    171.2932	     41.1914
    171.3932	     41.5586
    171.4933	     41.9453
    171.5932	     42.3398
    171.6935	     42.7031
    171.7933	     43.0352
    171.8933	     43.3398
    171.9932	     43.6328
    172.0934	     43.9258
    172.1932	     44.2188
    172.2933	     44.5273
    172.3934	     44.8203
    172.4933	     44.9805
    172.5933	     44.9570
    172.6934	     44.7656
    172.7933	     44.5547
    172.8934	     44.4453
    172.9935	     44.3594
    173.0935	     44.2813
    173.1934	     44.2148
    173.2936	     44.1836
    173.3933	     44.2422
    173.4934	     44.3672
    173.5935	     44.6016
    173.6934	     44.9102
    173.7934	     45.2422
    173.8935	     45.5547
    173.9934	     45.7969
    174.0935	     45.9961
    174.1935	     46.2148
    174.2935	     46.4609
    174.3934	     46.7070
    174.4936	     46.9023
    174.5934	     47.0938
    174.6935	     47.3047
    174.7936	     47.5391
    174.8935	     47.7461
    174.9935	     47.9141
    175.0937	     48.0313
    175.1935	     48.1094
    175.2935	     48.1914
    175.3936	     48.2969
    175.4935	     48.3711
    175.5935	     48.3711
    175.6937	     48.3477
    175.7936	     48.3516
    175.8936	     48.3906
    175.9936	     48.4141
    176.0937	     48.4063
    176.1936	     48.3555
    176.2938	     48.2852
    176.3936	     48.2188
    176.4937	     48.1328
    176.5938	     48.0234
    176.6937	     47.9180
    176.7937	     47.7813
    176.8938	     47.6289
    176.9935	     47.4805
    177.0938	     47.3516
    177.1939	     47.2500
    177.2935	     47.1797
    177.3938	     47.1211
    177.4939	     47.0781
    177.5938	     47.0898
    177.6939	     47.1367
    177.7938	     47.1367
    177.8936	     47.1016
    177.9938	     47.0547
    178.0938	     47.0000
    178.1939	     46.8867
    178.2939	     46.7344
    178.3940	     46.5313
    178.4939	     46.3203
    178.5939	     46.1133
    178.6940	     45.9063
    178.7939	     45.7148
    178.8939	     45.5273
    178.9940	     45.3477
    179.0939	     45.1563
    179.1939	     44.9648
    179.2938	     44.7617
    179.3939	     44.5703
    179.4937	     44.4023
    179.5941	     44.2500
    179.6940	     44.0781
    179.7940	     43.8711
    179.8941	     43.6484
    179.9940	     43.4453
    180.0941	     43.2969
    180.1941	     43.1875
    180.2941	     43.0938
    180.3938	     42.9883
    180.4942	     42.8594
    180.5940	     42.6914
    180.6941	     42.5039
    180.7942	     42.3086
    180.8941	     42.1211
    180.9941	     41.9297
    181.0941	     41.7266
    181.1941	     41.5313
    181.2941	     41.3281
    181.3942	     41.1172
    181.4942	     40.9258
    181.5942	     40.7813
    181.6943	     40.6484
    181.7942	     40.5195
    181.8942	     40.4023
    181.9943	     40.2813
    182.0942	     40.1250
    182.1940	     39.9453
    182.2943	     39.7578
    182.3940	     39.5938
    182.4942	     39.4336
    182.5943	     39.2813
    182.6942	     39.1250
    182.7943	     38.9453
    182.8941	     38.7656
    182.9943	     38.5977
    183.0943	     38.4453
    183.1944	     38.2969
    183.2943	     38.1406
    183.3941	     37.9727
    183.4945	     37.8008
    183.5943	     37.6289
    183.6941	     37.4492
    183.7945	     37.2813
    183.8944	     37.1172
    183.9944	     36.9531
    184.0946	     36.7695
    184.1945	     36.5859
    184.2944	     36.3867
    184.3945	     36.1680
    184.4945	     35.9531
    184.5944	     35.7422
    184.6946	     35.5195
    184.7945	     35.2891
    184.8945	     35.0586
    184.9946	     34.8398
    185.0946	     34.6523
    185.1945	     34.4922
    185.2947	     34.3594
    185.3945	     34.2031
    185.4945	     34.0039
    185.5946	     33.7969
    185.6945	     33.5898
    185.7943	     33.4023
    185.8944	     33.2617
    185.9946	     33.2266
    186.0946	     33.2695
    186.1946	     33.4219
    186.2945	     33.6992
    186.3945	     34.0898
    186.4946	     34.5625
    186.5945	     34.9883
    186.6945	     35.3906
    186.7947	     35.8164
    186.8946	     36.2344
    186.9946	     36.4531
    187.0947	     36.5781
    187.1946	     36.6992
    187.2946	     36.8164
    187.3947	     36.9414
    187.4946	     37.0859
    187.5946	     37.3164
    187.6948	     37.5938
    187.7946	     37.8594
    187.8947	     38.1211
    187.9948	     38.3789
    188.0947	     38.6328
    188.1947	     38.8867
    188.2948	     39.1523
    188.3947	     39.4336
    188.4947	     39.7266
    188.5948	     40.0156
    188.6947	     40.3242
    188.7947	     40.6914
    188.8949	     41.1133
    188.9947	     41.5469
    189.0948	     41.9766
    189.1949	     42.3789
    189.2947	     42.7773
    189.3947	     43.1523
    189.4949	     43.5156
    189.5948	     43.8516
    189.6948	     44.1758
    189.7949	     44.4961
    189.8948	     44.8047
    189.9948	     45.0898
    190.0950	     45.3359
    190.1948	     45.5625
    190.2948	     45.7656
    190.3950	     45.8789
    190.4948	     45.8125
    190.5949	     45.5977
    190.6950	     45.4102
    190.7947	     45.3125
    190.8950	     45.3086
    190.9951	     45.2578
    191.0948	     45.1758
    191.1950	     45.0977
    191.2951	     45.0000
    191.3950	     44.8633
    191.4950	     44.6563
    191.5952	     44.3516
    191.6951	     43.9805
    191.7951	     43.5586
    191.8949	     43.1211
    191.9948	     42.6953
    192.0951	     42.3164
    192.1952	     42.0195
    192.2951	     41.7656
    192.3951	     41.5234
    192.4952	     41.2852
    192.5951	     41.0313
    192.6951	     40.7578
    192.7952	     40.4570
    192.8951	     40.1367
    192.9951	     39.7773
    193.0952	     39.3633
    193.1951	     38.8867
    193.2951	     38.3672
    193.3952	     37.8281
    193.4949	     37.2813
    193.5952	     36.7539
    193.6953	     36.2383
    193.7952	     35.7266
    193.8952	     35.2344
    193.9953	     34.7852
    194.0952	     34.3672
    194.1952	     33.9336
    194.2952	     33.4688
    194.3952	     32.9648
    194.4952	     32.4375
    194.5952	     31.9141
    194.6950	     31.4297
    194.7951	     30.9805
    194.8954	     30.5547
    194.9952	     30.1133
    195.0954	     29.6484
    195.1955	     29.1992
    195.2954	     28.8164
    195.3954	     28.5195
    195.4952	     28.2813
    195.5954	     28.0781
    195.6955	     27.8945
    195.7953	     27.7578
    195.8954	     27.7422
    195.9954	     27.7734
    196.0954	     27.7656
    196.1955	     27.6797
    196.2955	     27.5156
    196.3956	     27.3242
    196.4952	     27.1563
    196.5955	     27.0156
    196.6954	     26.8867
    196.7955	     26.7734
    196.8955	     26.6602
    196.9956	     26.5625
    197.0955	     26.5000
    197.1955	     26.5703
    197.2956	     26.7539
    197.3955	     27.0156
    197.4955	     27.3203
    197.5956	     27.6289
    197.6956	     27.9883
    197.7955	     28.3945
    197.8957	     28.8086
    197.9955	     29.1836
    198.0956	     29.5000
    198.1957	     29.7422
    198.2955	     29.9336
    198.3956	     30.0742
    198.4957	     30.1758
    198.5956	     30.2617
    198.6957	     30.3242
    198.7957	     30.3398
    198.8956	     30.3203
    198.9956	     30.2695
    199.0958	     30.1563
    199.1957	     29.9805
    199.2955	     29.7813
    199.3958	     29.5430
    199.4955	     29.2930
    199.5958	     29.0586
    199.6959	     28.8477
    199.7957	     28.6523
    199.8958	     28.4609
    199.9959	     28.3047
    200.0958	     28.2656
    200.1958	     28.3359
    200.2960	     28.4688
    200.3957	     28.6563
    200.4957	     28.8672
    200.5959	     29.0781
    200.6958	     29.2617
    200.7958	     29.4180
    200.8959	     29.5664
    200.9958	     29.7500
    201.0959	     30.0078
    201.1960	     30.3711
    201.2959	     30.8203
    201.3959	     31.2852
    201.4960	     31.7266
    201.5958	     32.1133
    201.6959	     32.4648
    201.7960	     32.8164
    201.8959	     33.1680
    201.9959	     33.5547
    202.0960	     34.0586
    202.1959	     34.7031
    202.2960	     35.3789
    202.3960	     35.9531
    202.4959	     36.4414
    202.5960	     36.8828
    202.6961	     37.2617
    202.7960	     37.6094
    202.8959	     37.9883
    202.9961	     38.3828
    203.0960	     38.7695
    203.1960	     39.1719
    203.2962	     39.5586
    203.3960	     39.9141
    203.4960	     40.2266
    203.5961	     40.4141
    203.6961	     40.4258
    203.7960	     40.3516
    203.8962	     40.2070
    203.9960	     40.0703
    204.0962	     40.0039
    204.1962	     39.9961
    204.2961	     40.0000
    204.3962	     39.9336
    204.4963	     39.8711
    204.5961	     39.8203
    204.6962	     39.7539
    204.7963	     39.6523
    204.8960	     39.5078
    204.9962	     39.3594
    205.0964	     39.2109
    205.1963	     39.0703
    205.2963	     38.9258
    205.3961	     38.7852
    205.4962	     38.6523
    205.5963	     38.5195
    205.6964	     38.3750
    205.7963	     38.2070
    205.8963	     38.0313
    205.9965	     37.8516
    206.0964	     37.6563
    206.1963	     37.4336
    206.2965	     37.1563
    206.3963	     36.8086
    206.4963	     36.3984
    206.5965	     35.9414
    206.6964	     35.4609
    206.7964	     35.0156
    206.8965	     34.6758
    206.9964	     34.4297
    207.0964	     34.2148
    207.1965	     34.0195
    207.2964	     33.8398
    207.3964	     33.6445
    207.4966	     33.4023
    207.5964	     33.1250
    207.6964	     32.8672
    207.7966	     32.6563
    207.8965	     32.4961
    207.9965	     32.3555
    208.0964	     32.2070
    208.1965	     32.0234
    208.2963	     31.8203
    208.3966	     31.5977
    208.4965	     31.3828
    208.5965	     31.1719
    208.6967	     30.9531
    208.7963	     30.7266
    208.8966	     30.4961
    208.9967	     30.2773
    209.0966	     30.0898
    209.1964	     29.9805
    209.2967	     29.9883
    209.3965	     30.0625
    209.4965	     30.1641
    209.5967	     30.3164
    209.6965	     30.5391
    209.7966	     30.8008
    209.8967	     31.0859
    209.9966	     31.3789
    210.0966	     31.6523
    210.1967	     31.9297
    210.2966	     32.2148
    210.3966	     32.4805
    210.4967	     32.7188
    210.5967	     32.9297
    210.6966	     33.1563
    210.7968	     33.4219
    210.8966	     33.7070
    210.9967	     34.0000
    211.0969	     34.3008
    211.1967	     34.5742
    211.2967	     34.8359
    211.3968	     35.1133
    211.4967	     35.4297
    211.5967	     35.7266
    211.6969	     36.0586
    211.7967	     36.5234
    211.8967	     37.1445
    211.9969	     37.6875
    212.0968	     38.1445
    212.1968	     38.5781
    212.2969	     39.0117
    212.3968	     39.4570
    212.4968	     39.9336
    212.5969	     40.4336
    212.6968	     40.9453
    212.7968	     41.4688
    212.8969	     42.0039
    212.9969	     42.5703
    213.0968	     43.1641
    213.1969	     43.7617
    213.2969	     44.3320
    213.3968	     44.8516
    213.4970	     45.3594
    213.5969	     45.8555
    213.6969	     46.3516
    213.7970	     46.8281
    213.8969	     47.2891
    213.9969	     47.7500
    214.0974	     48.1953
    214.1969	     48.5313
    214.2969	     48.6719
    214.3971	     48.5391
    214.4969	     48.2695
    214.5969	     48.0625
    214.6971	     47.9336
    214.7970	     47.8594
    214.8970	     47.8281
    214.9975	     47.8086
    215.0970	     47.7813
    215.1971	     47.8203
    215.2972	     47.8906
    215.3971	     47.9453
    215.4969	     47.9531
    215.5972	     47.8906
    215.6971	     47.7422
    215.7970	     47.5820
    215.8970	     47.4102
    215.9972	     47.2734
    216.0970	     47.1523
    216.1976	     47.0195
    216.2972	     46.8750
    216.3972	     46.7305
    216.4976	     46.5781
    216.5972	     46.4258
    216.6972	     46.3164
    216.7976	     46.2617
    216.8972	     46.2656
    216.9973	     46.2773
    217.0977	     46.2461
    217.1972	     46.1719
    217.2972	     46.0742
    217.3977	     45.9805
    217.4973	     45.9023
    217.5971	     45.8359
    217.6972	     45.7539
    217.7973	     45.6523
    217.8976	     45.5156
    217.9978	     45.3398
    218.0972	     45.1211
    218.1971	     44.8984
    218.2977	     44.7109
    218.3974	     44.5586
    218.4974	     44.4336
    218.5973	     44.3086
    218.6977	     44.1680
    218.7977	     44.0117
    218.8979	     43.8320
    218.9978	     43.6328
    219.0973	     43.4023
    219.1978	     43.1484
    219.2977	     42.8906
    219.3978	     42.6172
    219.4979	     42.3398
    219.5978	     42.0820
    219.6978	     41.8633
    219.7979	     41.6875
    219.8978	     41.5508
    219.9978	     41.4219
    220.0979	     41.2969
    220.1978	     41.1641
    220.2973	     41.0234
    220.3980	     40.8711
    220.4978	     40.6875
    220.5978	     40.4766
    220.6980	     40.2539
    220.7979	     40.0508
    220.8979	     39.8945
    220.9981	     39.7813
    221.0980	     39.6836
    221.1979	     39.5859
    221.2981	     39.4609
    221.3979	     39.3047
    221.4974	     39.1289
    221.5981	     38.9531
    221.6974	     38.7773
    221.7980	     38.6172
    221.8981	     38.4648
    221.9980	     38.3203
    222.0980	     38.1719
    222.1981	     38.0234
    222.2980	     37.8789
    222.3980	     37.7383
    222.4981	     37.6016
    222.5980	     37.4727
    222.6981	     37.3359
    222.7982	     37.1758
    222.8981	     36.9883
    222.9976	     36.8047
    223.0982	     36.6211
    223.1976	     36.4336
    223.2981	     36.2461
    223.3982	     36.0508
    223.4982	     35.8555
    223.5981	     35.6523
    223.6982	     35.4375
    223.7982	     35.2188
    223.8981	     35.0313
    223.9983	     34.9453
    224.0977	     34.9531
    224.1982	     34.9570
    224.2983	     34.9492
    224.3982	     34.9727
    224.4981	     35.0195
    224.5983	     35.0742
    224.6981	     35.1328
    224.7981	     35.2031
    224.8983	     35.2813
    224.9982	     35.3867
    225.0982	     35.5313
    225.1983	     35.6797
    225.2982	     35.7813
    225.3982	     35.8555
    225.4984	     35.9141
    225.5982	     35.9648
    225.6982	     35.9688
    225.7984	     35.9570
    225.8982	     35.9609
    225.9983	     36.0156
    226.0984	     36.1016
    226.1982	     36.1523
    226.2983	     36.1641
    226.3984	     36.1484
    226.4984	     36.1289
    226.5983	     36.1406
    226.6984	     36.1953
    226.7984	     36.2656
    226.8983	     36.3008
    226.9985	     36.3203
    227.0984	     36.3711
    227.1984	     36.4688
    227.2985	     36.5508
    227.3984	     36.6016
    227.4984	     36.6328
    227.5985	     36.6758
    227.6984	     36.7422
    227.7984	     36.8281
    227.8985	     36.8945
    227.9984	     36.9492
    228.0985	     37.0078
    228.1986	     37.0547
    228.2985	     37.0977
    228.3985	     37.1523
    228.4986	     37.2031
    228.5985	     37.2461
    228.6985	     37.2813
    228.7986	     37.3047
    228.8985	     37.2969
    228.9985	     37.2969
    229.0986	     37.3008
    229.1986	     37.3125
    229.2985	     37.3164
    229.3988	     37.3086
    229.4986	     37.2539
    229.5985	     37.1367
    229.6985	     37.0156
    229.7987	     36.9219
    229.8986	     36.8125
    229.9988	     36.7305
    230.0987	     36.7539
    230.1987	     36.8672
    230.2987	     37.0469
    230.3986	     37.2852
    230.4987	     37.5664
    230.5988	     37.8672
    230.6987	     38.1563
    230.7987	     38.4375
    230.8988	     38.7031
    230.9987	     39.0234
    231.0988	     39.3906
    231.1989	     39.7734
    231.2987	     40.1875
    231.3987	     40.5703
    231.4989	     40.9258
    231.5988	     41.2656
    231.6987	     41.5977
    231.7989	     41.9297
    231.8987	     42.2773
    231.9988	     42.6367
    232.0990	     43.0078
    232.1988	     43.3828
    232.2988	     43.7383
    232.3989	     44.1016
    232.4988	     44.4492
    232.5988	     44.7891
    232.6989	     45.1328
    232.7988	     45.4883
    232.8988	     45.8633
    232.9990	     46.2578
    233.0989	     46.6094
    233.1988	     46.9492
    233.2990	     47.2773
    233.3989	     47.5898
    233.4989	     47.8984
    233.5990	     48.1992
    233.6989	     48.4883
    233.7989	     48.7383
    233.8990	     48.9453
    233.9989	     49.1094
    234.0989	     49.2461
    234.1991	     49.3711
    234.2989	     49.4883
    234.3990	     49.5859
    234.4992	     49.6055
    234.5990	     49.5742
    234.6990	     49.5391
    234.7991	     49.5000
    234.8990	     49.4492
    234.9990	     49.4297
    235.0992	     49.4805
    235.1990	     49.5430
    235.2991	     49.5742
    235.3992	     49.5781
    235.4990	     49.5742
    235.5990	     49.5586
    235.6993	     49.5430
    235.7991	     49.5195
    235.8991	     49.4453
    235.9993	     49.3320
    236.0992	     49.2422
    236.1992	     49.1367
    236.2993	     48.9766
    236.3992	     48.7852
    236.4992	     48.5859
    236.5993	     48.3945
    236.6990	     48.2188
    236.7992	     48.0469
    236.8991	     47.8789
    236.9993	     47.7148
    237.0993	     47.5508
    237.1994	     47.3945
    237.2990	     47.2461
    237.3993	     47.0859
    237.4994	     46.9258
    237.5993	     46.7578
    237.6993	     46.5938
    237.7992	     46.4297
    237.8993	     46.2656
    237.9994	     46.1016
    238.0995	     45.9336
    238.1991	     45.7617
    238.2993	     45.5898
    238.3995	     45.4219
    238.4991	     45.2461
    238.5994	     45.0625
    238.6995	     44.8867
    238.7991	     44.7227
    238.8992	     44.5586
    238.9994	     44.3828
    239.0992	     44.1992
    239.1995	     44.0039
    239.2996	     43.8164
    239.3995	     43.6289
    239.4995	     43.4375
    239.5996	     43.2422
    239.6995	     43.0469
    239.7995	     42.8516
    239.8996	     42.6680
    239.9996	     42.4883
    240.0996	     42.2852
    240.1994	     42.0430
    240.2993	     41.7695
    240.3996	     41.5039
    240.4995	     41.2734
    240.5996	     41.0703
    240.6993	     40.8516
    240.7997	     40.5898
    240.8993	     40.2773
    240.9994	     39.9180
    241.0998	     39.5234
    241.1997	     39.1289
    241.2996	     38.7344
    241.3998	     38.3438
    241.4995	     37.9570
    241.5997	     37.5938
    241.6995	     37.2969
    241.7997	     37.0586
    241.8997	     36.8555
    241.9998	     36.6758
    242.0997	     36.5156
    242.1998	     36.3750
    242.2996	     36.2500
    242.3997	     36.1406
    242.4998	     36.0898
    242.5999	     36.0586
    242.6998	     36.0195
    242.7998	     35.9609
    242.8999	     35.8633
    242.9996	     35.7578
    243.0998	     35.6563
    243.1997	     35.5781
    243.2996	     35.4883
    243.3996	     35.3711
    243.5000	     35.2344
    243.5998	     35.0898
    243.6998	     34.9531
    243.8000	     34.8281
    243.8999	     34.7148
    243.9999	     34.6055
    244.1000	     34.5078
    244.1999	     34.4258
    244.2999	     34.4063
    244.4001	     34.4766
    244.4999	     34.5586
    244.5999	     34.6094
    244.6998	     34.6445
    244.7997	     34.6445
    244.8997	     34.5859
    245.0001	     34.4883
    245.1000	     34.3711
    245.2000	     34.2539
    245.3001	     34.1406
    245.4000	     34.0352
    245.5001	     33.9453
    245.6002	     33.9141
    245.6999	     33.9766
    245.8000	     34.1133
    245.9001	     34.2656
    246.0001	     34.4258
    246.1001	     34.6055
    246.2001	     34.7813
    246.3000	     34.8945
    246.4000	     34.9609
    246.5002	     35.0000
    246.6000	     35.0313
    246.7000	     35.1172
    246.8002	     35.3125
    246.9001	     35.5977
    247.0001	     35.9609
    247.1002	     36.3906
    247.2001	     36.8867
    247.3001	     37.3984
    247.4003	     37.7891
    247.5001	     38.0039
    247.6002	     38.2227
    247.7003	     38.5977
    247.8001	     38.9258
    247.9002	     39.1797
    248.0003	     39.4063
    248.1002	     39.6250
    248.2002	     39.8008
    248.3003	     39.9570
    248.4002	     40.2109
    248.5002	     40.4805
    248.6003	     40.7539
    248.7002	     41.0391
    248.8003	     41.3242
    248.9004	     41.6211
    249.0002	     41.9375
    249.1003	     42.2656
    249.2004	     42.6016
    249.3003	     42.9219
    249.4003	     43.2109
    249.5004	     43.5117
    249.6003	     43.8320
    249.7003	     44.1641
    249.8005	     44.4844
    249.9003	     44.7695
    250.0003	     45.0195
    250.1005	     45.2031
    250.2003	     45.3047
    250.3003	     45.2734
    250.4005	     45.1289
    250.5004	     44.9141
    250.6005	     44.7227
    250.7006	     44.5430
    250.8002	     44.4023
    250.9005	     44.2734
    251.0006	     44.1445
    251.1005	     43.9922
    251.2005	     43.8242
    251.3006	     43.6484
    251.4005	     43.4727
    251.5006	     43.3281
    251.6007	     43.1992
    251.7005	     43.0547
    251.8006	     42.8828
    251.9005	     42.6992
    252.0007	     42.5234
    252.1007	     42.3555
    252.2008	     42.1953
    252.3007	     42.0273
    252.4007	     41.8516
    252.5008	     41.6797
    252.6005	     41.4922
    252.7007	     41.3047
    252.8009	     41.1133
    252.9007	     40.9180
    253.0008	     40.6797
    253.1009	     40.3867
    253.2008	     40.0664
    253.3008	     39.7461
    253.4009	     39.4141
    253.5008	     39.0586
    253.6008	     38.6875
    253.7010	     38.3203
    253.8008	     37.9531
    253.9008	     37.5820
    254.0009	     37.1836
    254.1008	     36.7656
    254.2008	     36.3320
    254.3009	     35.8828
    254.4006	     35.4219
    254.5007	     34.9609
    254.6010	     34.5195
    254.7009	     34.1094
    254.8009	     33.7617
    254.9010	     33.4531
    255.0007	     33.1641
    255.1007	     32.9023
    255.2011	     32.6563
    255.3010	     32.4336
    255.4010	     32.2500
    255.5011	     32.1016
    255.6010	     31.9766
    255.7010	     31.8203
    255.8011	     31.6094
    255.9010	     31.3672
    256.0010	     31.0742
    256.1012	     30.7344
    256.2010	     30.3711
    256.3010	     29.9844
    256.4011	     29.5781
    256.5009	     29.1484
    256.6010	     28.6875
    256.7011	     28.1875
    256.8009	     27.6484
    256.9009	     27.0742
    257.0011	     26.4727
    257.1010	     25.8633
    257.2010	     25.2305
    257.3010	     24.5859
    257.4009	     23.9414
    257.5010	     23.3438
    257.6012	     22.8242
    257.7010	     22.4219
    257.8011	     22.1289
    257.9012	     21.9375
    258.0011	     21.8086
    258.1012	     21.7031
    258.2012	     21.6094
    258.3011	     21.5313
    258.4009	     21.4648
    258.5013	     21.4023
    258.6012	     21.3359
    258.7012	     21.2773
    258.8013	     21.2148
    258.9012	     21.1133
    259.0012	     21.0117
    259.1013	     20.9258
    259.2012	     20.8164
    259.3013	     20.6367
    259.4014	     20.3906
    259.5013	     20.1289
    259.6013	     19.8906
    259.7014	     19.6719
    259.8013	     19.4727
    259.9013	     19.3086
    260.0020	     19.1914
    260.1013	     19.1133
    260.2011	     19.0508
    260.3013	     18.9766
    260.4011	     18.8867
    260.5014	     18.7656
    260.6020	     18.5898
    260.7011	     18.3867
    260.8014	     18.2188
    260.9020	     18.0859
    261.0014	     17.9648
    261.1014	     17.8359
    261.2013	     17.7266
    261.3014	     17.6953
    261.4014	     17.8633
    261.5015	     18.2266
    261.6013	     18.5977
    261.7013	     18.8203
    261.8016	     18.9023
    261.9014	     18.9883
    262.0014	     19.1445
    262.1015	     19.3672
    262.2014	     19.6484
    262.3014	     19.9727
    262.4016	     20.3398
    262.5015	     20.7305
    262.6015	     21.1250
    262.7016	     21.4844
    262.8015	     21.7891
    262.9015	     22.0391
    263.0016	     22.2695
    263.1015	     22.5000
    263.2016	     22.7266
    263.3022	     22.9375
    263.4018	     23.1016
    263.5016	     23.2344
    263.6016	     23.3672
    263.7015	     23.5156
    263.8016	     23.6680
    263.9017	     23.8125
    264.0016	     23.9219
    264.1016	     23.9336
    264.2017	     23.8359
    264.3017	     23.7188
    264.4017	     23.6484
    264.5018	     23.6172
    264.6017	     23.6016
    264.7017	     23.5859
    264.8025	     23.5586
    264.9017	     23.5273
    265.0018	     23.5000
    265.1019	     23.4883
    265.2017	     23.5078
    265.3017	     23.5703
    265.4024	     23.6641
    265.5017	     23.7734
    265.6017	     23.8906
    265.7019	     23.9961
    265.8018	     24.0586
    265.9018	     24.0547
    266.0019	     23.9688
    266.1019	     23.8242
    266.2018	     23.6289
    266.3019	     23.4492
    266.4018	     23.2969
    266.5025	     23.1406
    266.6025	     22.9805
    266.7019	     22.8125
    266.8020	     22.6328
    266.9026	     22.4609
    267.0025	     22.2813
    267.1025	     22.1055
    267.2021	     21.9336
    267.3017	     21.7617
    267.4025	     21.5898
    267.5027	     21.4102
    267.6025	     21.2148
    267.7019	     20.9961
    267.8020	     20.7500
    267.9019	     20.4492
    268.0019	     20.0977
    268.1020	     19.7148
    268.2019	     19.3242
    268.3019	     18.9570
    268.4026	     18.6172
    268.5019	     18.2852
    268.6019	     17.9531
    268.7026	     17.6289
    268.8019	     17.3047
    268.9019	     16.9883
    269.0020	     16.6719
    269.1019	     16.3516
    269.2019	     16.0273
    269.3020	     15.7461
    269.4027	     15.5313
    269.5022	     15.3633
    269.6021	     15.1953
    269.7021	     15.0313
    269.8022	     14.8906
    269.9023	     14.7695
    270.0027	     14.6758
    270.1028	     14.6094
    270.2028	     14.5430
    270.3027	     14.3906
    270.4021	     14.1328
    270.5028	     13.8633
    270.6028	     13.6484
    270.7028	     13.4570
    270.8029	     13.2930
    270.9020	     13.1641
    271.0023	     13.0742
    271.1030	     13.0000
    271.2021	     12.9219
    271.3028	     12.8203
    271.4030	     12.6875
    271.5029	     12.5195
    271.6029	     12.3203
    271.7030	     12.1016
    271.8024	     11.8828
    271.9024	     11.6836
    272.0030	     11.5195
    272.1024	     11.3984
    272.2030	     11.3164
    272.3022	     11.2656
    272.4024	     11.2344
    272.5024	     11.1992
    272.6031	     11.1523
    272.7030	     11.0977
    272.8030	     11.0273
    272.9031	     10.9609
    273.0030	     10.8906
    273.1030	     10.8242
    273.2030	     10.7578
    273.3029	     10.6836
    273.4023	     10.5859
    273.5024	     10.4492
    273.6023	     10.2734
    273.7023	     10.0469
    273.8030	      9.7773
    273.9023	      9.4883
    274.0023	      9.2109
    274.1024	      8.9258
    274.2024	      8.6250
    274.3024	      8.3125
    274.4025	      8.0117
    274.5023	      7.7109
    274.6023	      7.4023
    274.7030	      7.0898
    274.8023	      6.8125
    274.9024	      6.5039
    275.0030	      6.0352
    275.1024	      5.4805
    275.2024	      4.9922
    275.3025	      4.6367
    275.4024	      4.2930
    275.5024	      3.8633
    275.6031	      3.4023
    275.7027	      2.9453
    275.8025	      2.5859
    275.9026	      2.3516
    276.0030	      2.2266
    276.1031	      2.1797
    276.2032	      2.1758
    276.3025	      2.1914
    276.4025	      2.2109
    276.5026	      2.2227
    276.6025	      2.0703
    276.7028	      1.5859
    276.8032	      1.0039
    276.9026	      0.5117
    277.0031	      0.1836
    277.1027	      0.0000
    277.2029	      0.0000
    277.3026	      0.0000
    277.4027	      0.0000
    277.5026	      0.0000
    277.6029	      0.0000
    277.7033	      0.0000
    277.8029	      0.0000
    277.9026	      0.0039
    278.0033	      0.0039
    278.1027	      0.0039
    278.2034	      0.0039
    278.3034	      0.0000
    278.4027	      0.0000
    278.5033	      0.0000
    278.6034	      0.0000
    278.7033	      0.0000
    278.8034	      0.0000
    278.9034	      0.0000
    279.0028	      0.0000
    279.1034	      0.0586
    279.2035	      0.4883
    279.3034	      1.1484
