﻿Time_s      	WheelBasedVehicleSpd
      0.1148	      0.0000
      0.2147	      0.0000
      0.3147	      0.0000
      0.4149	      0.0000
      0.5147	      0.0000
      0.6148	      0.0000
      0.7148	      0.0000
      0.8147	      0.0000
      0.9147	      0.0000
      1.0149	      0.0000
      1.1148	      0.0000
      1.2148	      0.0000
      1.3149	      0.0000
      1.4148	      0.0000
      1.5148	      0.0000
      1.6149	      0.0000
      1.7148	      0.0000
      1.8148	      0.0000
      1.9149	      0.0000
      2.0149	      0.0000
      2.1149	      0.0000
      2.2150	      0.0000
      2.3149	      0.0000
      2.4149	      0.0000
      2.5150	      0.0000
      2.6149	      0.0000
      2.7150	      0.0000
      2.8150	      0.0000
      2.9149	      0.0000
      3.0150	      0.0000
      3.1151	      0.0000
      3.2150	      0.0000
      3.3150	      0.0000
      3.4151	      0.0000
      3.5150	      0.0000
      3.6150	      0.0000
      3.7151	      0.0000
      3.8150	      0.0000
      3.9150	      0.0000
      4.0152	      0.0000
      4.1150	      0.0000
      4.2151	      0.0000
      4.3152	      0.0000
      4.4151	      0.0000
      4.5151	      0.0000
      4.6152	      0.0000
      4.7151	      0.0000
      4.8151	      0.0000
      4.9152	      0.0000
      5.0152	      0.0000
      5.1151	      0.0000
      5.2153	      0.0000
      5.3151	      0.0000
      5.4152	      0.0000
      5.5153	      0.0000
      5.6152	      0.0000
      5.7151	      0.0000
      5.8153	      0.0000
      5.9152	      0.0000
      6.0152	      0.0000
      6.1153	      0.0000
      6.2153	      0.0000
      6.3152	      0.0000
      6.4154	      0.0000
      6.5152	      0.0000
      6.6153	      0.0000
      6.7154	      0.0000
      6.8153	      0.0000
      6.9153	      0.0000
      7.0154	      0.0000
      7.1153	      0.0000
      7.2153	      0.0000
      7.3154	      0.0000
      7.4153	      0.0000
      7.5153	      0.0000
      7.6155	      0.0000
      7.7153	      0.0000
      7.8154	      0.0000
      7.9155	      0.0000
      8.0154	      0.0000
      8.1154	      0.0000
      8.2156	      0.0000
      8.3154	      0.0000
      8.4154	      0.0000
      8.5155	      0.0000
      8.6155	      0.0000
      8.7154	      0.0000
      8.8156	      0.0000
      8.9155	      0.0000
      9.0155	      0.0000
      9.1156	      0.0000
      9.2155	      0.0000
      9.3155	      0.0000
      9.4156	      0.0000
      9.5155	      0.0000
      9.6155	      0.0000
      9.7156	      0.0000
      9.8156	      0.0000
      9.9155	      0.0000
     10.0157	      0.0000
     10.1155	      0.0000
     10.2156	      0.0000
     10.3157	      0.0000
     10.4156	      0.0000
     10.5156	      0.0000
     10.6157	      0.0000
     10.7156	      0.0000
     10.8156	      0.0000
     10.9157	      0.0000
     11.0157	      0.0000
     11.1157	      0.0000
     11.2158	      0.0000
     11.3157	      0.0000
     11.4157	      0.0000
     11.5158	      0.0000
     11.6157	      0.0000
     11.7157	      0.0000
     11.8158	      0.0000
     11.9157	      0.0000
     12.0158	      0.0000
     12.1158	      0.0000
     12.2158	      0.0000
     12.3158	      0.0000
     12.4159	      0.0000
     12.5158	      0.0000
     12.6158	      0.0000
     12.7159	      0.0000
     12.8158	      0.0000
     12.9158	      0.0000
     13.0160	      0.0000
     13.1158	      0.0000
     13.2159	      0.0000
     13.3160	      0.0000
     13.4159	      0.0000
     13.5159	      0.0000
     13.6160	      0.0000
     13.7159	      0.0000
     13.8159	      0.0000
     13.9160	      0.0000
     14.0159	      0.0000
     14.1159	      0.0000
     14.2161	      0.0000
     14.3159	      0.0000
     14.4160	      0.0000
     14.5160	      0.0000
     14.6160	      0.0000
     14.7160	      0.0000
     14.8160	      0.0000
     14.9160	      0.0000
     15.0160	      0.0000
     15.1161	      0.0000
     15.2161	      0.0000
     15.3161	      0.0000
     15.4162	      0.0000
     15.5161	      0.0000
     15.6161	      0.0000
     15.7161	      0.0000
     15.8161	      0.0000
     15.9161	      0.0000
     16.0162	      0.0000
     16.1161	      0.0000
     16.2161	      0.0000
     16.3162	      0.0000
     16.4161	      0.0000
     16.5161	      0.0000
     16.6163	      0.0000
     16.7162	      0.0000
     16.8162	      0.0000
     16.9163	      0.0000
     17.0162	      0.0000
     17.1162	      0.0000
     17.2163	      0.0000
     17.3162	      0.0000
     17.4163	      0.0000
     17.5163	      0.0000
     17.6163	      0.0000
     17.7163	      0.0000
     17.8164	      0.0000
     17.9163	      0.0000
     18.0164	      0.0000
     18.1164	      0.0000
     18.2163	      0.0000
     18.3163	      0.0000
     18.4164	      0.0000
     18.5163	      0.0000
     18.6164	      0.0000
     18.7164	      0.0000
     18.8163	      0.0000
     18.9163	      0.0000
     19.0165	      0.0000
     19.1163	      0.0000
     19.2164	      0.0000
     19.3165	      0.0000
     19.4164	      0.0000
     19.5164	      0.0000
     19.6165	      0.0000
     19.7164	      0.0000
     19.8164	      0.0000
     19.9165	      0.0000
     20.0165	      0.0000
     20.1165	      0.0000
     20.2166	      0.0000
     20.3165	      0.0000
     20.4165	      0.0000
     20.5166	      0.0000
     20.6165	      0.0000
     20.7165	      0.0000
     20.8166	      0.0000
     20.9165	      0.0000
     21.0166	      0.0000
     21.1166	      0.0000
     21.2166	      0.0000
     21.3166	      0.0000
     21.4167	      0.0000
     21.5165	      0.0000
     21.6166	      0.0000
     21.7167	      0.0000
     21.8166	      0.0000
     21.9166	      0.0000
     22.0167	      0.0000
     22.1166	      0.0000
     22.2167	      0.0000
     22.3167	      0.0000
     22.4167	      0.0000
     22.5166	      0.0000
     22.6168	      0.0000
     22.7167	      0.0000
     22.8167	      0.0000
     22.9168	      0.0000
     23.0167	      0.0000
     23.1167	      0.0000
     23.2169	      0.0000
     23.3167	      0.0000
     23.4168	      0.0000
     23.5168	      0.0000
     23.6168	      0.0000
     23.7167	      0.0000
     23.8169	      0.0000
     23.9167	      0.0000
     24.0168	      0.0000
     24.1169	      0.0000
     24.2168	      0.0000
     24.3168	      0.0000
     24.4169	      0.0000
     24.5168	      0.0000
     24.6169	      0.0000
     24.7169	      0.0000
     24.8169	      0.0000
     24.9169	      0.0000
     25.0170	      0.0000
     25.1169	      0.0000
     25.2170	      0.0000
     25.3170	      0.0000
     25.4169	      0.0000
     25.5169	      0.0000
     25.6170	      0.0000
     25.7169	      0.0000
     25.8170	      0.0000
     25.9170	      0.0000
     26.0170	      0.0000
     26.1169	      0.0000
     26.2171	      0.0000
     26.3170	      0.0000
     26.4170	      0.0000
     26.5171	      0.0000
     26.6170	      0.0000
     26.7170	      0.0000
     26.8171	      0.0000
     26.9170	      0.0000
     27.0171	      0.0000
     27.1171	      0.0000
     27.2171	      0.0000
     27.3171	      0.0000
     27.4172	      0.0000
     27.5172	      0.0000
     27.6171	      0.0000
     27.7172	      0.0000
     27.8171	      0.0000
     27.9172	      0.0000
     28.0173	      0.0000
     28.1171	      0.0000
     28.2173	      0.0000
     28.3173	      0.0000
     28.4172	      0.0000
     28.5172	      0.0000
     28.6173	      0.0000
     28.7172	      0.0000
     28.8172	      0.0000
     28.9173	      0.0000
     29.0173	      0.0000
     29.1173	      0.0000
     29.2174	      0.0000
     29.3173	      0.0000
     29.4173	      0.0000
     29.5174	      0.0000
     29.6173	      0.0000
     29.7173	      0.0000
     29.8174	      0.0000
     29.9173	      0.0000
     30.0174	      0.0000
     30.1174	      0.0000
     30.2174	      0.0000
     30.3174	      0.0000
     30.4175	      0.0000
     30.5173	      0.0000
     30.6174	      0.0000
     30.7175	      0.0000
     30.8174	      0.0000
     30.9174	      0.0000
     31.0175	      0.0000
     31.1174	      0.0000
     31.2175	      0.0000
     31.3175	      0.0000
     31.4175	      0.0000
     31.5175	      0.0000
     31.6176	      0.0000
     31.7174	      0.0000
     31.8175	      0.0000
     31.9176	      0.0000
     32.0175	      0.0000
     32.1175	      0.0000
     32.2176	      0.0000
     32.3175	      0.0000
     32.4176	      0.0000
     32.5176	      0.0000
     32.6176	      0.0000
     32.7175	      0.0000
     32.8177	      0.0000
     32.9176	      0.0000
     33.0176	      0.0000
     33.1177	      0.0000
     33.2177	      0.0000
     33.3176	      0.0000
     33.4177	      0.0000
     33.5176	      0.0000
     33.6176	      0.0000
     33.7177	      0.0000
     33.8177	      0.0000
     33.9176	      0.0000
     34.0178	      0.0000
     34.1176	      0.0000
     34.2177	      0.0000
     34.3178	      0.0000
     34.4177	      0.0000
     34.5177	      0.0000
     34.6178	      0.0000
     34.7177	      0.0000
     34.8177	      0.0000
     34.9178	      0.0000
     35.0178	      0.0000
     35.1177	      0.0000
     35.2179	      0.0000
     35.3178	      0.0000
     35.4178	      0.0000
     35.5179	      0.0000
     35.6178	      0.0000
     35.7178	      0.0000
     35.8179	      0.0000
     35.9178	      0.0000
     36.0179	      0.0000
     36.1179	      0.0000
     36.2179	      0.0000
     36.3179	      0.0000
     36.4180	      0.0000
     36.5179	      0.0000
     36.6179	      0.0000
     36.7180	      0.0000
     36.8179	      0.0000
     36.9179	      0.0000
     37.0181	      0.0000
     37.1179	      0.0000
     37.2180	      0.0000
     37.3181	      0.0000
     37.4180	      0.0000
     37.5180	      0.0000
     37.6181	      0.0000
     37.7180	      0.0000
     37.8180	      0.0000
     37.9181	      0.0000
     38.0181	      0.0000
     38.1180	      0.0000
     38.2182	      0.0000
     38.3181	      0.0000
     38.4181	      0.0000
     38.5181	      0.0000
     38.6181	      0.0000
     38.7181	      0.0000
     38.8182	      0.0000
     38.9181	      0.0000
     39.0181	      0.0000
     39.1182	      0.0000
     39.2182	      0.0000
     39.3181	      0.0000
     39.4183	      0.0000
     39.5181	      0.0000
     39.6182	      0.0000
     39.7182	      0.0000
     39.8182	      0.0000
     39.9182	      0.0000
     40.0183	      0.0000
     40.1182	      0.0000
     40.2183	      0.0000
     40.3183	      0.0000
     40.4182	      0.0000
     40.5182	      0.0000
     40.6184	      0.0000
     40.7182	      0.0000
     40.8183	      0.0000
     40.9183	      0.0000
     41.0183	      0.0000
     41.1183	      0.0000
     41.2184	      0.0000
     41.3183	      0.0000
     41.4183	      0.0000
     41.5184	      0.0000
     41.6184	      0.0000
     41.7184	      0.0000
     41.8184	      0.0000
     41.9184	      0.0000
     42.0184	      0.0000
     42.1184	      0.0000
     42.2184	      0.0000
     42.3184	      0.0000
     42.4185	      0.0000
     42.5184	      0.0000
     42.6184	      0.0000
     42.7185	      0.0000
     42.8184	      0.0000
     42.9184	      0.0000
     43.0186	      0.0000
     43.1185	      0.0000
     43.2185	      0.0000
     43.3185	      0.0000
     43.4185	      0.0000
     43.5185	      0.0000
     43.6186	      0.0000
     43.7185	      0.0000
     43.8186	      0.0000
     43.9186	      0.0000
     44.0186	      0.0000
     44.1186	      0.0000
     44.2187	      0.0000
     44.3186	      0.0000
     44.4186	      0.0000
     44.5187	      0.0000
     44.6186	      0.0000
     44.7186	      0.0000
     44.8187	      0.0000
     44.9186	      0.0000
     45.0187	      0.0000
     45.1187	      0.0000
     45.2187	      0.0000
     45.3187	      0.0000
     45.4187	      0.0000
     45.5187	      0.0000
     45.6187	      0.0000
     45.7188	      0.0000
     45.8187	      0.0000
     45.9187	      0.0000
     46.0188	      0.0000
     46.1187	      0.0000
     46.2188	      0.0000
     46.3188	      0.0000
     46.4188	      0.0000
     46.5188	      0.0000
     46.6189	      0.0000
     46.7188	      0.0000
     46.8188	      0.0000
     46.9189	      0.0000
     47.0188	      0.0000
     47.1188	      0.0000
     47.2189	      0.0000
     47.3188	      0.0000
     47.4189	      0.0000
     47.5189	      0.0000
     47.6189	      0.0000
     47.7189	      0.0000
     47.8190	      0.0000
     47.9189	      0.0000
     48.0189	      0.0000
     48.1190	      0.0000
     48.2190	      0.0000
     48.3189	      0.0000
     48.4190	      0.0000
     48.5189	      0.0000
     48.6190	      0.0000
     48.7190	      0.0000
     48.8190	      0.0000
     48.9190	      0.0000
     49.0191	      0.0000
     49.1190	      0.0000
     49.2191	      0.0000
     49.3191	      0.0000
     49.4191	      0.0000
     49.5190	      0.0000
     49.6191	      0.0000
     49.7191	      0.0000
     49.8191	      0.0000
     49.9191	      0.0000
     50.0191	      0.0000
     50.1191	      0.0000
     50.2192	      0.0000
     50.3191	      0.0000
     50.4191	      0.0000
     50.5192	      0.0000
     50.6191	      0.0000
     50.7191	      0.0000
     50.8192	      0.0000
     50.9191	      0.0000
     51.0192	      0.0000
     51.1192	      0.0000
     51.2192	      0.0000
     51.3192	      0.0000
     51.4193	      0.0000
     51.5192	      0.0000
     51.6192	      0.0000
     51.7193	      0.0000
     51.8192	      0.0000
     51.9192	      0.0000
     52.0193	      0.0000
     52.1193	      0.0000
     52.2193	      0.0000
     52.3194	      0.0000
     52.4193	      0.0000
     52.5193	      0.0000
     52.6194	      0.0000
     52.7193	      0.0000
     52.8193	      0.0000
     52.9194	      0.0000
     53.0194	      0.0000
     53.1194	      0.0000
     53.2194	      0.0000
     53.3194	      0.0000
     53.4194	      0.0000
     53.5195	      0.0000
     53.6194	      0.0000
     53.7194	      0.0000
     53.8195	      0.0000
     53.9194	      0.0000
     54.0195	      0.0000
     54.1195	      0.0000
     54.2195	      0.0000
     54.3195	      0.0000
     54.4195	      0.0000
     54.5195	      0.0000
     54.6195	      0.0000
     54.7195	      0.0000
     54.8195	      0.0000
     54.9195	      0.0000
     55.0196	      0.0000
     55.1195	      0.0000
     55.2196	      0.0000
     55.3196	      0.0000
     55.4196	      0.0000
     55.5196	      0.0000
     55.6196	      0.0000
     55.7196	      0.0000
     55.8196	      0.0000
     55.9196	      0.0000
     56.0196	      0.0000
     56.1196	      0.0000
     56.2197	      0.0000
     56.3196	      0.0000
     56.4197	      0.0000
     56.5197	      0.0000
     56.6197	      0.0000
     56.7197	      0.0000
     56.8197	      0.0000
     56.9197	      0.0000
     57.0197	      0.0000
     57.1197	      0.0000
     57.2197	      0.0000
     57.3197	      0.0000
     57.4198	      0.0000
     57.5197	      0.0000
     57.6198	      0.0000
     57.7198	      0.0000
     57.8198	      0.0000
     57.9198	      0.0000
     58.0198	      0.0000
     58.1198	      0.0000
     58.2198	      0.0000
     58.3198	      0.0000
     58.4198	      0.0000
     58.5198	      0.0000
     58.6199	      0.0000
     58.7199	      0.0000
     58.8199	      0.0039
     58.9199	      0.2695
     59.0199	      1.0195
     59.1199	      1.9805
     59.2199	      2.9180
     59.3199	      3.7305
     59.4199	      4.3750
     59.5199	      4.8281
     59.6199	      5.1406
     59.7199	      5.4492
     59.8200	      5.8398
     59.9199	      6.2969
     60.0199	      6.7930
     60.1199	      7.3008
     60.2200	      7.7852
     60.3200	      8.2422
     60.4200	      8.6797
     60.5200	      9.1406
     60.6200	      9.6250
     60.7200	     10.1211
     60.8200	     10.6328
     60.9200	     11.1758
     61.0200	     11.7383
     61.1200	     12.2930
     61.2200	     12.8281
     61.3200	     13.3516
     61.4201	     13.8594
     61.5201	     14.3789
     61.6201	     14.9063
     61.7201	     15.4297
     61.8201	     15.9453
     61.9201	     16.4570
     62.0201	     16.9492
     62.1201	     17.4180
     62.2202	     17.8750
     62.3201	     18.2852
     62.4201	     18.5586
     62.5201	     18.6484
     62.6202	     18.6094
     62.7202	     18.5625
     62.8203	     18.5586
     62.9202	     18.5703
     63.0202	     18.5625
     63.1203	     18.5391
     63.2203	     18.5039
     63.3203	     18.4766
     63.4202	     18.4766
     63.5202	     18.5313
     63.6202	     18.6484
     63.7203	     18.8594
     63.8202	     19.1758
     63.9202	     19.5898
     64.0203	     20.0625
     64.1203	     20.5664
     64.2203	     21.0781
     64.3203	     21.5859
     64.4203	     22.1055
     64.5203	     22.6406
     64.6203	     23.1953
     64.7203	     23.7344
     64.8203	     24.2148
     64.9203	     24.5742
     65.0203	     24.7969
     65.1203	     24.9063
     65.2204	     24.9180
     65.3204	     24.8477
     65.4204	     24.7617
     65.5204	     24.7188
     65.6204	     24.7109
     65.7204	     24.7305
     65.8205	     24.7070
     65.9204	     24.6797
     66.0205	     24.6563
     66.1204	     24.6406
     66.2204	     24.6680
     66.3204	     24.7266
     66.4205	     24.7930
     66.5205	     24.8555
     66.6205	     24.9102
     66.7205	     24.9844
     66.8205	     25.0703
     66.9205	     25.1523
     67.0206	     25.2461
     67.1205	     25.3555
     67.2205	     25.4727
     67.3206	     25.5898
     67.4206	     25.7148
     67.5206	     25.8477
     67.6206	     25.9844
     67.7205	     26.1250
     67.8206	     26.2734
     67.9206	     26.4141
     68.0206	     26.5586
     68.1206	     26.7109
     68.2207	     26.8711
     68.3206	     27.0352
     68.4206	     27.1953
     68.5207	     27.3516
     68.6206	     27.4883
     68.7207	     27.6094
     68.8207	     27.7148
     68.9206	     27.8086
     69.0207	     27.8945
     69.1207	     27.9609
     69.2207	     28.0156
     69.3207	     28.0586
     69.4208	     28.0977
     69.5207	     28.1172
     69.6207	     28.1055
     69.7207	     28.0508
     69.8207	     27.9766
     69.9207	     27.9141
     70.0209	     27.8516
     70.1208	     27.7305
     70.2207	     27.5508
     70.3209	     27.3789
     70.4209	     27.2188
     70.5209	     27.0547
     70.6208	     26.8906
     70.7209	     26.7227
     70.8208	     26.5586
     70.9210	     26.4063
     71.0209	     26.2656
     71.1208	     26.1328
     71.2210	     26.0078
     71.3209	     25.8945
     71.4210	     25.7852
     71.5210	     25.6797
     71.6210	     25.5742
     71.7210	     25.4766
     71.8210	     25.3750
     71.9209	     25.2695
     72.0210	     25.1602
     72.1210	     25.0547
     72.2211	     24.9531
     72.3210	     24.8516
     72.4211	     24.7422
     72.5210	     24.6328
     72.6211	     24.5313
     72.7211	     24.4375
     72.8211	     24.3438
     72.9211	     24.2539
     73.0212	     24.1563
     73.1211	     24.0586
     73.2212	     23.9531
     73.3212	     23.8438
     73.4211	     23.7227
     73.5211	     23.5898
     73.6212	     23.4531
     73.7211	     23.3164
     73.8212	     23.1875
     73.9210	     23.0664
     74.0212	     22.9453
     74.1212	     22.8242
     74.2211	     22.6992
     74.3212	     22.5820
     74.4212	     22.4766
     74.5213	     22.3672
     74.6212	     22.2422
     74.7212	     22.1094
     74.8213	     21.9688
     74.9212	     21.8242
     75.0213	     21.6719
     75.1213	     21.5000
     75.2211	     21.3242
     75.3211	     21.1523
     75.4213	     20.9492
     75.5213	     20.7188
     75.6213	     20.4883
     75.7212	     20.3008
     75.8213	     20.1641
     75.9213	     20.0586
     76.0212	     19.9297
     76.1214	     19.7070
     76.2214	     19.3984
     76.3214	     19.0781
     76.4214	     18.7539
     76.5213	     18.4258
     76.6214	     18.1094
     76.7214	     17.8281
     76.8214	     17.6367
     76.9213	     17.5156
     77.0215	     17.4180
     77.1214	     17.3398
     77.2215	     17.2813
     77.3214	     17.2461
     77.4214	     17.2461
     77.5215	     17.3047
     77.6214	     17.4180
     77.7214	     17.5703
     77.8215	     17.7578
     77.9214	     17.9531
     78.0215	     18.1367
     78.1215	     18.2734
     78.2215	     18.3516
     78.3215	     18.3828
     78.4218	     18.3789
     78.5215	     18.3711
     78.6215	     18.3906
     78.7216	     18.4336
     78.8215	     18.4883
     78.9215	     18.5430
     79.0219	     18.6133
     79.1215	     18.7070
     79.2219	     18.8242
     79.3215	     18.9648
     79.4219	     19.1094
     79.5219	     19.2422
     79.6220	     19.3633
     79.7219	     19.4609
     79.8220	     19.5391
     79.9215	     19.6211
     80.0220	     19.7148
     80.1220	     19.8281
     80.2221	     19.9336
     80.3220	     20.0000
     80.4216	     20.0156
     80.5220	     20.0039
     80.6220	     19.9844
     80.7216	     19.9766
     80.8220	     19.9883
     80.9217	     20.0078
     81.0217	     20.0273
     81.1220	     20.0469
     81.2220	     20.0664
     81.3217	     20.0703
     81.4221	     20.0547
     81.5218	     20.0195
     81.6218	     19.9766
     81.7221	     19.9375
     81.8218	     19.9063
     81.9218	     19.8828
     82.0222	     19.8594
     82.1218	     19.8203
     82.2221	     19.7656
     82.3222	     19.6875
     82.4221	     19.5859
     82.5218	     19.4648
     82.6222	     19.3008
     82.7222	     19.0977
     82.8222	     18.8750
     82.9223	     18.6680
     83.0222	     18.4844
     83.1222	     18.3125
     83.2223	     18.1523
     83.3223	     18.0078
     83.4223	     17.8711
     83.5223	     17.7617
     83.6223	     17.6875
     83.7223	     17.6445
     83.8223	     17.6172
     83.9223	     17.5898
     84.0223	     17.5273
     84.1223	     17.4258
     84.2224	     17.2891
     84.3223	     17.1523
     84.4224	     17.0391
     84.5223	     16.9531
     84.6223	     16.8945
     84.7224	     16.8633
     84.8224	     16.8477
     84.9223	     16.8438
     85.0224	     16.8398
     85.1223	     16.8438
     85.2224	     16.8789
     85.3224	     16.9492
     85.4224	     17.0508
     85.5224	     17.1563
     85.6225	     17.2578
     85.7224	     17.3438
     85.8224	     17.4141
     85.9225	     17.4844
     86.0225	     17.5625
     86.1224	     17.6250
     86.2225	     17.6680
     86.3225	     17.6953
     86.4225	     17.7109
     86.5225	     17.7148
     86.6225	     17.7227
     86.7225	     17.7383
     86.8225	     17.7578
     86.9225	     17.7813
     87.0225	     17.8086
     87.1226	     17.8477
     87.2226	     17.9102
     87.3226	     18.0195
     87.4226	     18.1836
     87.5226	     18.4102
     87.6226	     18.6797
     87.7226	     18.9766
     87.8226	     19.2852
     87.9226	     19.6250
     88.0227	     20.0195
     88.1226	     20.4688
     88.2227	     20.9219
     88.3227	     21.3633
     88.4227	     21.7773
     88.5226	     22.1797
     88.6227	     22.5547
     88.7227	     22.8867
     88.8227	     23.1172
     88.9227	     23.2188
     89.0227	     23.1992
     89.1227	     23.1172
     89.2228	     23.0234
     89.3228	     22.9531
     89.4228	     22.9141
     89.5229	     22.8906
     89.6227	     22.8906
     89.7228	     22.9102
     89.8228	     22.8984
     89.9227	     22.8164
     90.0229	     22.6719
     90.1229	     22.4688
     90.2229	     22.2305
     90.3224	     21.9805
     90.4229	     21.7305
     90.5224	     21.4453
     90.6229	     21.1211
     90.7229	     20.7734
     90.8229	     20.4336
     90.9229	     20.1133
     91.0230	     19.8203
     91.1229	     19.5508
     91.2230	     19.3320
     91.3230	     19.1758
     91.4230	     19.0547
     91.5230	     18.9688
     91.6230	     18.9102
     91.7230	     18.8789
     91.8229	     18.8750
     91.9230	     18.9297
     92.0230	     19.0977
     92.1230	     19.3672
     92.2231	     19.6797
     92.3230	     19.9414
     92.4230	     20.1211
     92.5230	     20.2266
     92.6230	     20.2891
     92.7230	     20.3164
     92.8231	     20.3086
     92.9230	     20.2656
     93.0231	     20.1953
     93.1231	     20.0977
     93.2231	     19.9883
     93.3231	     19.8945
     93.4231	     19.8203
     93.5231	     19.7656
     93.6231	     19.7344
     93.7231	     19.7227
     93.8231	     19.7188
     93.9231	     19.6992
     94.0232	     19.6602
     94.1231	     19.6094
     94.2232	     19.5703
     94.3232	     19.5469
     94.4232	     19.5391
     94.5232	     19.5391
     94.6232	     19.5391
     94.7232	     19.5313
     94.8232	     19.5156
     94.9233	     19.4922
     95.0232	     19.4688
     95.1232	     19.4609
     95.2233	     19.4648
     95.3233	     19.4922
     95.4233	     19.5313
     95.5233	     19.5781
     95.6233	     19.6523
     95.7232	     19.7539
     95.8233	     19.8906
     95.9233	     20.0508
     96.0233	     20.2109
     96.1234	     20.3438
     96.2235	     20.4648
     96.3234	     20.5898
     96.4235	     20.7188
     96.5234	     20.8594
     96.6234	     20.9961
     96.7234	     21.0977
     96.8234	     21.1680
     96.9235	     21.2109
     97.0235	     21.2188
     97.1234	     21.1953
     97.2233	     21.1406
     97.3235	     21.0547
     97.4235	     20.9453
     97.5235	     20.8320
     97.6235	     20.7148
     97.7235	     20.5938
     97.8233	     20.4727
     97.9236	     20.3477
     98.0236	     20.2188
     98.1234	     20.0859
     98.2236	     19.9570
     98.3235	     19.8438
     98.4235	     19.7734
     98.5235	     19.7813
     98.6235	     19.8594
     98.7235	     19.9688
     98.8236	     20.0742
     98.9235	     20.1641
     99.0236	     20.2539
     99.1236	     20.3398
     99.2236	     20.4063
     99.3236	     20.4531
     99.4237	     20.4727
     99.5236	     20.4570
     99.6236	     20.4063
     99.7236	     20.3047
     99.8236	     20.1211
     99.9237	     19.8633
    100.0236	     19.5938
    100.1237	     19.3477
    100.2238	     19.1406
    100.3238	     18.9570
    100.4238	     18.7891
    100.5237	     18.6328
    100.6238	     18.4883
    100.7238	     18.3594
    100.8235	     18.2305
    100.9238	     18.0977
    101.0238	     17.9570
    101.1238	     17.8125
    101.2239	     17.6602
    101.3238	     17.5078
    101.4239	     17.3750
    101.5237	     17.2656
    101.6238	     17.1719
    101.7238	     17.0859
    101.8239	     17.0078
    101.9236	     16.9609
    102.0238	     16.9570
    102.1239	     16.9922
    102.2239	     17.0508
    102.3238	     17.1211
    102.4239	     17.1914
    102.5239	     17.2617
    102.6239	     17.3320
    102.7239	     17.3945
    102.8239	     17.4648
    102.9239	     17.5469
    103.0240	     17.6289
    103.1239	     17.6992
    103.2240	     17.7617
    103.3240	     17.8242
    103.4240	     17.8984
    103.5239	     17.9922
    103.6240	     18.1016
    103.7240	     18.2383
    103.8240	     18.4023
    103.9240	     18.6016
    104.0240	     18.8438
    104.1240	     19.1211
    104.2241	     19.4297
    104.3240	     19.7852
    104.4241	     20.1836
    104.5241	     20.6055
    104.6241	     21.0195
    104.7240	     21.4102
    104.8241	     21.7969
    104.9241	     22.2031
    105.0241	     22.6133
    105.1241	     23.0156
    105.2242	     23.3672
    105.3241	     23.6602
    105.4242	     23.9180
    105.5241	     24.1680
    105.6241	     24.4297
    105.7242	     24.6563
    105.8242	     24.7852
    105.9242	     24.7852
    106.0242	     24.6875
    106.1240	     24.5781
    106.2243	     24.4883
    106.3243	     24.4023
    106.4243	     24.3008
    106.5243	     24.0977
    106.6244	     23.8594
    106.7241	     23.6484
    106.8243	     23.4805
    106.9244	     23.3477
    107.0244	     23.2500
    107.1241	     23.1914
    107.2244	     23.1992
    107.3243	     23.2617
    107.4244	     23.3438
    107.5244	     23.4258
    107.6244	     23.5078
    107.7243	     23.5234
    107.8244	     23.4375
    107.9244	     23.2266
    108.0245	     22.9258
    108.1245	     22.5898
    108.2245	     22.2891
    108.3244	     22.0547
    108.4245	     21.8594
    108.5245	     21.6563
    108.6242	     21.4141
    108.7243	     21.1797
    108.8245	     21.0000
    108.9245	     20.8945
    109.0245	     20.8711
    109.1244	     20.9258
    109.2246	     21.0313
    109.3246	     21.1836
    109.4245	     21.3633
    109.5245	     21.5625
    109.6245	     21.7188
    109.7246	     21.8398
    109.8246	     21.9297
    109.9245	     22.0313
    110.0245	     22.2031
    110.1245	     22.4922
    110.2246	     22.7500
    110.3246	     22.8789
    110.4246	     22.7891
    110.5246	     22.5156
    110.6246	     22.1875
    110.7246	     21.9141
    110.8246	     21.7383
    110.9246	     21.6406
    111.0247	     21.5859
    111.1247	     21.5547
    111.2247	     21.5234
    111.3246	     21.4883
    111.4247	     21.5039
    111.5246	     21.6328
    111.6247	     21.9492
    111.7247	     22.4453
    111.8247	     23.0156
    111.9247	     23.6133
    112.0248	     24.1836
    112.1247	     24.6953
    112.2248	     25.1484
    112.3248	     25.5547
    112.4248	     25.9258
    112.5247	     26.2578
    112.6248	     26.5547
    112.7248	     26.8516
    112.8248	     27.1602
    112.9248	     27.4766
    113.0248	     27.7891
    113.1248	     28.0859
    113.2249	     28.3398
    113.3248	     28.5703
    113.4249	     28.7969
    113.5248	     29.0117
    113.6248	     29.2305
    113.7248	     29.4375
    113.8249	     29.6445
    113.9249	     29.8359
    114.0249	     30.0195
    114.1249	     30.1992
    114.2250	     30.3438
    114.3249	     30.4219
    114.4250	     30.4258
    114.5249	     30.3555
    114.6250	     30.2578
    114.7250	     30.1758
    114.8250	     30.1445
    114.9249	     30.1523
    115.0251	     30.1523
    115.1250	     30.1133
    115.2251	     30.0234
    115.3251	     29.8945
    115.4251	     29.7500
    115.5248	     29.5977
    115.6251	     29.4375
    115.7251	     29.2734
    115.8251	     29.1016
    115.9251	     28.9297
    116.0252	     28.7578
    116.1251	     28.5586
    116.2253	     28.3438
    116.3251	     28.1328
    116.4252	     27.9297
    116.5252	     27.7305
    116.6252	     27.5313
    116.7251	     27.3320
    116.8252	     27.1367
    116.9252	     26.9375
    117.0252	     26.7422
    117.1252	     26.5547
    117.2253	     26.3594
    117.3252	     26.1602
    117.4253	     25.9531
    117.5252	     25.7461
    117.6253	     25.5273
    117.7253	     25.3086
    117.8253	     25.0938
    117.9253	     24.8906
    118.0254	     24.6914
    118.1253	     24.4922
    118.2254	     24.2852
    118.3254	     24.0664
    118.4254	     23.8438
    118.5253	     23.6172
    118.6254	     23.3906
    118.7254	     23.1563
    118.8251	     22.9258
    118.9254	     22.6914
    119.0252	     22.4492
    119.1254	     22.2148
    119.2255	     21.9805
    119.3254	     21.7539
    119.4252	     21.5273
    119.5255	     21.3086
    119.6254	     21.0938
    119.7254	     20.9141
    119.8255	     20.7734
    119.9255	     20.6680
    120.0255	     20.5781
    120.1255	     20.4805
    120.2255	     20.3594
    120.3255	     20.2344
    120.4256	     20.1055
    120.5255	     19.9844
    120.6253	     19.8672
    120.7256	     19.7539
    120.8253	     19.6484
    120.9256	     19.5469
    121.0256	     19.4453
    121.1256	     19.3594
    121.2256	     19.2969
    121.3255	     19.2773
    121.4256	     19.2813
    121.5255	     19.2891
    121.6256	     19.2930
    121.7256	     19.3125
    121.8256	     19.3477
    121.9257	     19.4063
    122.0256	     19.4805
    122.1256	     19.5625
    122.2257	     19.6367
    122.3256	     19.7070
    122.4257	     19.7852
    122.5257	     19.8789
    122.6257	     19.9961
    122.7256	     20.1523
    122.8257	     20.3203
    122.9257	     20.4922
    123.0257	     20.7188
    123.1257	     21.0234
    123.2258	     21.3906
    123.3257	     21.7813
    123.4258	     22.1797
    123.5257	     22.5703
    123.6257	     22.9453
    123.7258	     23.3125
    123.8258	     23.6719
    123.9258	     24.0234
    124.0259	     24.3516
    124.1258	     24.6289
    124.2258	     24.7891
    124.3258	     24.7969
    124.4258	     24.7227
    124.5258	     24.6719
    124.6259	     24.6953
    124.7258	     24.7188
    124.8258	     24.7188
    124.9259	     24.7305
    125.0258	     24.7539
    125.1259	     24.7891
    125.2259	     24.8398
    125.3259	     24.9063
    125.4259	     25.0273
    125.5259	     25.2266
    125.6259	     25.4883
    125.7259	     25.7695
    125.8260	     26.0664
    125.9260	     26.3750
    126.0260	     26.6953
    126.1260	     27.0195
    126.2260	     27.3398
    126.3260	     27.6445
    126.4261	     27.9531
    126.5260	     28.2656
    126.6260	     28.5898
    126.7261	     28.9375
    126.8260	     29.3242
    126.9261	     29.7461
    127.0261	     30.1875
    127.1260	     30.6172
    127.2261	     31.0156
    127.3261	     31.3945
    127.4261	     31.7656
    127.5261	     32.1406
    127.6262	     32.5039
    127.7261	     32.8398
    127.8261	     33.0781
    127.9262	     33.1523
    128.0262	     33.0547
    128.1261	     32.9258
    128.2262	     32.8477
    128.3261	     32.8086
    128.4262	     32.8008
    128.5260	     32.8086
    128.6262	     32.8125
    128.7261	     32.7969
    128.8263	     32.7773
    128.9260	     32.7422
    129.0262	     32.6992
    129.1263	     32.6602
    129.2263	     32.6172
    129.3263	     32.5703
    129.4263	     32.5547
    129.5260	     32.5820
    129.6263	     32.5859
    129.7262	     32.5195
    129.8264	     32.3945
    129.9263	     32.2422
    130.0264	     32.0078
    130.1264	     31.8008
    130.2264	     31.6602
    130.3264	     31.5273
    130.4262	     31.3984
    130.5264	     31.2656
    130.6264	     31.1328
    130.7264	     30.9883
    130.8264	     30.8242
    130.9262	     30.6563
    131.0262	     30.4844
    131.1264	     30.3164
    131.2265	     30.1523
    131.3265	     29.9961
    131.4263	     29.8477
    131.5265	     29.7031
    131.6265	     29.5586
    131.7265	     29.4141
    131.8266	     29.2695
    131.9265	     29.1328
    132.0265	     29.0117
    132.1266	     28.8945
    132.2266	     28.7656
    132.3266	     28.6445
    132.4266	     28.5469
    132.5266	     28.4961
    132.6265	     28.5703
    132.7265	     28.7070
    132.8265	     28.8789
    132.9265	     29.0547
    133.0266	     29.2148
    133.1266	     29.3477
    133.2266	     29.4727
    133.3266	     29.5977
    133.4266	     29.7148
    133.5266	     29.8203
    133.6266	     29.9141
    133.7266	     30.0039
    133.8266	     30.0977
    133.9267	     30.1914
    134.0270	     30.2773
    134.1266	     30.3477
    134.2267	     30.4102
    134.3267	     30.4609
    134.4267	     30.4805
    134.5267	     30.4609
    134.6267	     30.4180
    134.7267	     30.3711
    134.8268	     30.3398
    134.9267	     30.3281
    135.0268	     30.3398
    135.1268	     30.3633
    135.2269	     30.3750
    135.3267	     30.3672
    135.4269	     30.3594
    135.5268	     30.3555
    135.6268	     30.3516
    135.7268	     30.3359
    135.8268	     30.3359
    135.9268	     30.3516
    136.0269	     30.3984
    136.1268	     30.4766
    136.2269	     30.5859
    136.3269	     30.6953
    136.4269	     30.8203
    136.5269	     30.9883
    136.6269	     31.2383
    136.7269	     31.6016
    136.8269	     32.0039
    136.9269	     32.3711
    137.0269	     32.6953
    137.1269	     32.9922
    137.2270	     33.3086
    137.3269	     33.6641
    137.4269	     34.0273
    137.5270	     34.4453
    137.6270	     34.9219
    137.7270	     35.4648
    137.8271	     35.9688
    137.9270	     36.3633
    138.0270	     36.7148
    138.1270	     37.0742
    138.2271	     37.4727
    138.3270	     37.9180
    138.4271	     38.3984
    138.5271	     38.8594
    138.6271	     39.2930
    138.7271	     39.7070
    138.8271	     40.1289
    138.9271	     40.5742
    139.0272	     41.0313
    139.1271	     41.4844
    139.2271	     41.9141
    139.3271	     42.3047
    139.4271	     42.6797
    139.5271	     43.0586
    139.6272	     43.4336
    139.7271	     43.7617
    139.8271	     43.9805
    139.9272	     44.0508
    140.0272	     43.9414
    140.1272	     43.7500
    140.2273	     43.6406
    140.3272	     43.5977
    140.4273	     43.5352
    140.5271	     43.5000
    140.6272	     43.4883
    140.7270	     43.5625
    140.8273	     43.7109
    140.9272	     43.9102
    141.0273	     44.1289
    141.1273	     44.3203
    141.2273	     44.4297
    141.3273	     44.3945
    141.4273	     44.2227
    141.5274	     44.0000
    141.6274	     43.7734
    141.7274	     43.6367
    141.8274	     43.5508
    141.9274	     43.4883
    142.0275	     43.4414
    142.1274	     43.3945
    142.2275	     43.3164
    142.3274	     43.2109
    142.4272	     43.0820
    142.5275	     42.9531
    142.6275	     42.8242
    142.7275	     42.6953
    142.8275	     42.5664
    142.9275	     42.4570
    143.0276	     42.3555
    143.1275	     42.2773
    143.2276	     42.2031
    143.3275	     42.1055
    143.4273	     41.9609
    143.5276	     41.7734
    143.6276	     41.5820
    143.7276	     41.4180
    143.8276	     41.2969
    143.9276	     41.1992
    144.0276	     41.1133
    144.1276	     41.0273
    144.2277	     40.9258
    144.3276	     40.8086
    144.4277	     40.6797
    144.5276	     40.5313
    144.6277	     40.3984
    144.7277	     40.3008
    144.8277	     40.2266
    144.9277	     40.1406
    145.0275	     40.0313
    145.1277	     39.8945
    145.2278	     39.7305
    145.3275	     39.5625
    145.4278	     39.4023
    145.5278	     39.2539
    145.6278	     39.1133
    145.7278	     38.9727
    145.8278	     38.8320
    145.9278	     38.6875
    146.0278	     38.5273
    146.1278	     38.3555
    146.2279	     38.1836
    146.3278	     38.0391
    146.4279	     37.9023
    146.5279	     37.7734
    146.6279	     37.6641
    146.7279	     37.5938
    146.8279	     37.5977
    146.9279	     37.6484
    147.0277	     37.6602
    147.1279	     37.5742
    147.2279	     37.3984
    147.3279	     37.2344
    147.4280	     37.1094
    147.5277	     37.0156
    147.6277	     36.9492
    147.7280	     36.8945
    147.8280	     36.8359
    147.9280	     36.7539
    148.0280	     36.6523
    148.1280	     36.5313
    148.2278	     36.4180
    148.3280	     36.3242
    148.4280	     36.2578
    148.5280	     36.2070
    148.6280	     36.2305
    148.7280	     36.2539
    148.8281	     36.1875
    148.9281	     36.0898
    149.0281	     36.0156
    149.1279	     35.9961
    149.2281	     36.0195
    149.3279	     36.0313
    149.4281	     36.0039
    149.5281	     35.9531
    149.6281	     35.8594
    149.7281	     35.7266
    149.8281	     35.5898
    149.9281	     35.4805
    150.0281	     35.3789
    150.1281	     35.2734
    150.2282	     35.1797
    150.3282	     35.0898
    150.4282	     34.9922
    150.5282	     34.9063
    150.6282	     34.8242
    150.7282	     34.7500
    150.8282	     34.6719
    150.9280	     34.5703
    151.0282	     34.4531
    151.1282	     34.3594
    151.2282	     34.2930
    151.3282	     34.2344
    151.4282	     34.1641
    151.5282	     34.0781
    151.6281	     33.9844
    151.7283	     33.9063
    151.8283	     33.8984
    151.9283	     33.9844
    152.0283	     34.1133
    152.1283	     34.2422
    152.2283	     34.3633
    152.3283	     34.4844
    152.4283	     34.6055
    152.5283	     34.6992
    152.6283	     34.7773
    152.7283	     34.8789
    152.8283	     35.0234
    152.9283	     35.1758
    153.0283	     35.2852
    153.1284	     35.3438
    153.2284	     35.3906
    153.3284	     35.4609
    153.4284	     35.5703
    153.5284	     35.7148
    153.6284	     35.8594
    153.7284	     35.9648
    153.8284	     36.0625
    153.9284	     36.2070
    154.0284	     36.3945
    154.1284	     36.5508
    154.2284	     36.6211
    154.3284	     36.6172
    154.4284	     36.6055
    154.5284	     36.6094
    154.6285	     36.6523
    154.7285	     36.6758
    154.8285	     36.6992
    154.9285	     36.7227
    155.0285	     36.7344
    155.1285	     36.7500
    155.2285	     36.7734
    155.3285	     36.8086
    155.4285	     36.8516
    155.5285	     36.8828
    155.6285	     36.9023
    155.7285	     36.8984
    155.8285	     36.9063
    155.9285	     36.9297
    156.0285	     36.9570
    156.1286	     36.9766
    156.2286	     36.9844
    156.3286	     36.9805
    156.4286	     36.9727
    156.5286	     36.9805
    156.6286	     37.0508
    156.7286	     37.1055
    156.8286	     37.1484
    156.9286	     37.1641
    157.0286	     37.1836
    157.1286	     37.2148
    157.2286	     37.2539
    157.3286	     37.2813
    157.4286	     37.3008
    157.5286	     37.3359
    157.6287	     37.4102
    157.7287	     37.5156
    157.8287	     37.6445
    157.9287	     37.7891
    158.0287	     37.9453
    158.1287	     38.1211
    158.2287	     38.3047
    158.3287	     38.4961
    158.4287	     38.6836
    158.5287	     38.8828
    158.6287	     39.0938
    158.7287	     39.3398
    158.8287	     39.6289
    158.9288	     39.9453
    159.0288	     40.2813
    159.1288	     40.6055
    159.2288	     40.9063
    159.3288	     41.1914
    159.4288	     41.4727
    159.5288	     41.7813
    159.6288	     42.1133
    159.7288	     42.4570
    159.8288	     42.8242
    159.9288	     43.2188
    160.0288	     43.5859
    160.1288	     43.9570
    160.2288	     44.3125
    160.3288	     44.6445
    160.4289	     44.9766
    160.5289	     45.3125
    160.6289	     45.6445
    160.7289	     45.9570
    160.8289	     46.2422
    160.9289	     46.5156
    161.0289	     46.8008
    161.1289	     47.0977
    161.2289	     47.4023
    161.3289	     47.6992
    161.4289	     47.9531
    161.5289	     48.1133
    161.6289	     48.2148
    161.7289	     48.3164
    161.8290	     48.4258
    161.9290	     48.5508
    162.0290	     48.7031
    162.1290	     48.8750
    162.2290	     49.0508
    162.3290	     49.1914
    162.4290	     49.2891
    162.5290	     49.3477
    162.6290	     49.3906
    162.7290	     49.4375
    162.8290	     49.4648
    162.9290	     49.4453
    163.0290	     49.3438
    163.1290	     49.2109
    163.2290	     49.0977
    163.3291	     48.9492
    163.4291	     48.7813
    163.5291	     48.6055
    163.6291	     48.4297
    163.7291	     48.2617
    163.8291	     48.0938
    163.9291	     47.9453
    164.0292	     47.8281
    164.1291	     47.7227
    164.2292	     47.6367
    164.3291	     47.6016
    164.4292	     47.6094
    164.5292	     47.5781
    164.6292	     47.5000
    164.7292	     47.3633
    164.8292	     47.2461
    164.9292	     47.1367
    165.0292	     47.0195
    165.1292	     46.8906
    165.2293	     46.7422
    165.3292	     46.5703
    165.4292	     46.3672
    165.5293	     46.1602
    165.6293	     45.9414
    165.7293	     45.7461
    165.8292	     45.5703
    165.9293	     45.4063
    166.0294	     45.2266
    166.1293	     45.0391
    166.2293	     44.8516
    166.3294	     44.6797
    166.4294	     44.5234
    166.5293	     44.3594
    166.6294	     44.1992
    166.7293	     44.0273
    166.8294	     43.8477
    166.9294	     43.6758
    167.0294	     43.5195
    167.1294	     43.3359
    167.2293	     43.1250
    167.3294	     42.8945
    167.4294	     42.6719
    167.5295	     42.4883
    167.6293	     42.3789
    167.7294	     42.2969
    167.8295	     42.2188
    167.9295	     42.1094
    168.0295	     41.9453
    168.1295	     41.7461
    168.2296	     41.5313
    168.3295	     41.3203
    168.4296	     41.1094
    168.5295	     40.8984
    168.6295	     40.6953
    168.7294	     40.4961
    168.8296	     40.3086
    168.9294	     40.1172
    169.0296	     39.9453
    169.1296	     39.8008
    169.2296	     39.6719
    169.3295	     39.5586
    169.4295	     39.4531
    169.5296	     39.3359
    169.6296	     39.1953
    169.7296	     39.0586
    169.8296	     38.9414
    169.9297	     38.8516
    170.0297	     38.7734
    170.1296	     38.6875
    170.2296	     38.5977
    170.3295	     38.4844
    170.4297	     38.3594
    170.5297	     38.2422
    170.6298	     38.1484
    170.7297	     38.0859
    170.8298	     38.0234
    170.9297	     37.9531
    171.0298	     37.8867
    171.1298	     37.8945
    171.2298	     37.9336
    171.3298	     37.9531
    171.4298	     37.9297
    171.5298	     37.8594
    171.6298	     37.7266
    171.7298	     37.5625
    171.8299	     37.4063
    171.9298	     37.2617
    172.0299	     37.1406
    172.1299	     37.0195
    172.2299	     36.8672
    172.3299	     36.7109
    172.4299	     36.5469
    172.5299	     36.3984
    172.6299	     36.2656
    172.7297	     36.1367
    172.8297	     35.9922
    172.9299	     35.8320
    173.0301	     35.6523
    173.1299	     35.4727
    173.2300	     35.3438
    173.3300	     35.3359
    173.4300	     35.3867
    173.5299	     35.4531
    173.6298	     35.5430
    173.7299	     35.6523
    173.8300	     35.7578
    173.9300	     35.8398
    174.0300	     35.9063
    174.1300	     36.0000
    174.2300	     36.1797
    174.3300	     36.3672
    174.4300	     36.5469
    174.5300	     36.6875
    174.6300	     36.8086
    174.7300	     36.9297
    174.8300	     37.0273
    174.9300	     37.1836
    175.0301	     37.3789
    175.1301	     37.5938
    175.2301	     37.8359
    175.3301	     38.0938
    175.4301	     38.3438
    175.5301	     38.5977
    175.6301	     38.8672
    175.7301	     39.1563
    175.8301	     39.4492
    175.9301	     39.7109
    176.0302	     39.9453
    176.1301	     40.1875
    176.2302	     40.4414
    176.3302	     40.7109
    176.4301	     40.9922
    176.5301	     41.2891
    176.6302	     41.5781
    176.7301	     41.8516
    176.8302	     42.0898
    176.9302	     42.3086
    177.0302	     42.5078
    177.1302	     42.6719
    177.2303	     42.7656
    177.3302	     42.7734
    177.4303	     42.6680
    177.5303	     42.5156
    177.6303	     42.3398
    177.7304	     42.1797
    177.8304	     42.0469
    177.9303	     41.9102
    178.0304	     41.7656
    178.1304	     41.6055
    178.2304	     41.4609
    178.3304	     41.3281
    178.4302	     41.1836
    178.5304	     41.0313
    178.6305	     40.8750
    178.7304	     40.7266
    178.8304	     40.5859
    178.9304	     40.4570
    179.0305	     40.3242
    179.1304	     40.1680
    179.2305	     39.9961
    179.3305	     39.8242
    179.4305	     39.6563
    179.5305	     39.5000
    179.6303	     39.3633
    179.7305	     39.2383
    179.8306	     39.1211
    179.9306	     39.0039
    180.0306	     38.8672
    180.1303	     38.7266
    180.2306	     38.5781
    180.3306	     38.4219
    180.4306	     38.2578
    180.5306	     38.1016
    180.6306	     37.9688
    180.7306	     37.8438
    180.8307	     37.6992
    180.9303	     37.5273
    181.0307	     37.3164
    181.1304	     37.0664
    181.2307	     36.7969
    181.3307	     36.4844
    181.4307	     36.1250
    181.5307	     35.7305
    181.6307	     35.3320
    181.7307	     34.9297
    181.8306	     34.4961
    181.9307	     34.0195
    182.0308	     33.5313
    182.1308	     33.1055
    182.2306	     32.8047
    182.3308	     32.6250
    182.4308	     32.5234
    182.5308	     32.4414
    182.6308	     32.3594
    182.7308	     32.2578
    182.8306	     32.1445
    182.9309	     32.0352
    183.0306	     31.9141
    183.1309	     31.7773
    183.2310	     31.6563
    183.3309	     31.5703
    183.4309	     31.5078
    183.5309	     31.3945
    183.6307	     31.2188
    183.7309	     31.0313
    183.8309	     30.8477
    183.9309	     30.6641
    184.0310	     30.4492
    184.1310	     30.2031
    184.2310	     29.9375
    184.3310	     29.6797
    184.4308	     29.4766
    184.5309	     29.3633
    184.6310	     29.3984
    184.7309	     29.5117
    184.8310	     29.6367
    184.9309	     29.7891
    185.0311	     29.9883
    185.1309	     30.1953
    185.2310	     30.3633
    185.3310	     30.4727
    185.4310	     30.5234
    185.5310	     30.5391
    185.6310	     30.5430
    185.7310	     30.5547
    185.8310	     30.5742
    185.9311	     30.6094
    186.0311	     30.6328
    186.1310	     30.6406
    186.2311	     30.6445
    186.3311	     30.6602
    186.4311	     30.6719
    186.5311	     30.6563
    186.6312	     30.5938
    186.7312	     30.4727
    186.8312	     30.2852
    186.9312	     30.0742
    187.0313	     29.8633
    187.1312	     29.6211
    187.2313	     29.3672
    187.3312	     29.1523
    187.4313	     28.9766
    187.5312	     28.8477
    187.6313	     28.7734
    187.7311	     28.8281
    187.8313	     28.9922
    187.9312	     29.1563
    188.0314	     29.2891
    188.1312	     29.3984
    188.2313	     29.4922
    188.3313	     29.6016
    188.4313	     29.7539
    188.5313	     29.9375
    188.6313	     30.1367
    188.7313	     30.3477
    188.8313	     30.5703
    188.9313	     30.8047
    189.0314	     31.0781
    189.1313	     31.3984
    189.2314	     31.7383
    189.3313	     32.1016
    189.4314	     32.4727
    189.5314	     32.8555
    189.6314	     33.2383
    189.7314	     33.5938
    189.8314	     33.9180
    189.9314	     34.2227
    190.0315	     34.4531
    190.1314	     34.5430
    190.2315	     34.4570
    190.3314	     34.3047
    190.4315	     34.1875
    190.5314	     34.1367
    190.6316	     34.1172
    190.7316	     34.1094
    190.8315	     34.0898
    190.9315	     34.0469
    191.0317	     34.0039
    191.1314	     33.9531
    191.2316	     33.9180
    191.3316	     33.8828
    191.4316	     33.8438
    191.5313	     33.8086
    191.6314	     33.8477
    191.7315	     33.9727
    191.8315	     34.1758
    191.9315	     34.4453
    192.0316	     34.8203
    192.1316	     35.3281
    192.2317	     35.9414
    192.3316	     36.6094
    192.4316	     37.2344
    192.5316	     37.6797
    192.6316	     37.8047
    192.7317	     37.6445
    192.8317	     37.4219
    192.9316	     37.2188
    193.0316	     37.0508
    193.1317	     36.9258
    193.2318	     36.8203
    193.3316	     36.7070
    193.4318	     36.5781
    193.5318	     36.4258
    193.6319	     36.2500
    193.7318	     36.0625
    193.8318	     35.8789
    193.9318	     35.7070
    194.0319	     35.5430
    194.1318	     35.3906
    194.2319	     35.2383
    194.3319	     35.0742
    194.4319	     34.8906
    194.5316	     34.6914
    194.6317	     34.4961
    194.7319	     34.3086
    194.8319	     34.1094
    194.9320	     33.8984
    195.0319	     33.7461
    195.1319	     33.6172
    195.2318	     33.4805
    195.3319	     33.3281
    195.4320	     33.1602
    195.5318	     32.9688
    195.6320	     32.7773
    195.7320	     32.6133
    195.8318	     32.4727
    195.9320	     32.3594
    196.0318	     32.2578
    196.1321	     32.1602
    196.2321	     32.0703
    196.3321	     31.9766
    196.4321	     31.8711
    196.5321	     31.7578
    196.6321	     31.6367
    196.7321	     31.5391
    196.8321	     31.4883
    196.9321	     31.4883
    197.0321	     31.5195
    197.1320	     31.5859
    197.2321	     31.6758
    197.3321	     31.7695
    197.4321	     31.8594
    197.5321	     31.9336
    197.6321	     31.9922
    197.7321	     32.0469
    197.8321	     32.0977
    197.9321	     32.1602
    198.0321	     32.2461
    198.1321	     32.3555
    198.2322	     32.4648
    198.3321	     32.5859
    198.4322	     32.7266
    198.5322	     32.8945
    198.6322	     33.1563
    198.7322	     33.5156
    198.8322	     33.8750
    198.9322	     34.2031
    199.0323	     34.5156
    199.1323	     34.8672
    199.2323	     35.2305
    199.3322	     35.6406
    199.4323	     36.1250
    199.5322	     36.7227
    199.6323	     37.3008
    199.7323	     37.7109
    199.8323	     38.0430
    199.9323	     38.3789
    200.0323	     38.7422
    200.1323	     39.1406
    200.2324	     39.5859
    200.3323	     40.0352
    200.4323	     40.4648
    200.5324	     40.8555
    200.6324	     41.2383
    200.7323	     41.6406
    200.8324	     42.0586
    200.9324	     42.4609
    201.0324	     42.8125
    201.1324	     43.1367
    201.2325	     43.4688
    201.3324	     43.8086
    201.4324	     44.1484
    201.5324	     44.4883
    201.6324	     44.8320
    201.7324	     45.1641
    201.8325	     45.4766
    201.9324	     45.7578
    202.0325	     45.9688
    202.1325	     46.0391
    202.2325	     45.9453
    202.3325	     45.7773
    202.4325	     45.6602
    202.5325	     45.6172
    202.6326	     45.5234
    202.7325	     45.4648
    202.8326	     45.4336
    202.9326	     45.4766
    203.0326	     45.5469
    203.1326	     45.5352
    203.2327	     45.4258
    203.3327	     45.2773
    203.4327	     45.1133
    203.5327	     44.9531
    203.6327	     44.8008
    203.7326	     44.6953
    203.8327	     44.6289
    203.9327	     44.5625
    204.0327	     44.4844
    204.1327	     44.3906
    204.2328	     44.2852
    204.3327	     44.1914
    204.4328	     44.1016
    204.5326	     44.0117
    204.6327	     43.9336
    204.7328	     43.8867
    204.8328	     43.8633
    204.9328	     43.8281
    205.0328	     43.7813
    205.1326	     43.7773
    205.2326	     43.7656
    205.3328	     43.7422
    205.4329	     43.7031
    205.5328	     43.6523
    205.6328	     43.6133
    205.7328	     43.5391
    205.8329	     43.4180
    205.9329	     43.3047
    206.0329	     43.1992
    206.1328	     43.1016
    206.2330	     43.0313
    206.3330	     42.9766
    206.4329	     42.9141
    206.5329	     42.8359
    206.6330	     42.7344
    206.7329	     42.6016
    206.8330	     42.4492
    206.9330	     42.2969
    207.0330	     42.1484
    207.1328	     42.0195
    207.2331	     41.8984
    207.3330	     41.7813
    207.4330	     41.6680
    207.5330	     41.5508
    207.6330	     41.4063
    207.7328	     41.2656
    207.8331	     41.1445
    207.9330	     41.0273
    208.0331	     40.9023
    208.1328	     40.7852
    208.2332	     40.6758
    208.3331	     40.5625
    208.4332	     40.4414
    208.5331	     40.2930
    208.6332	     40.1250
    208.7329	     39.9492
    208.8332	     39.8125
    208.9332	     39.7109
    209.0333	     39.6484
    209.1329	     39.6094
    209.2332	     39.5742
    209.3330	     39.5078
    209.4330	     39.4180
    209.5332	     39.3203
    209.6333	     39.2305
    209.7332	     39.1484
    209.8330	     39.0781
    209.9333	     39.0234
    210.0333	     38.9727
    210.1333	     38.9141
    210.2331	     38.8711
    210.3332	     38.8398
    210.4333	     38.8086
    210.5331	     38.8242
    210.6333	     38.8789
    210.7333	     38.8945
    210.8334	     38.8555
    210.9333	     38.7734
    211.0334	     38.6797
    211.1334	     38.5859
    211.2334	     38.4961
    211.3334	     38.4141
    211.4335	     38.3320
    211.5334	     38.2109
    211.6334	     38.0391
    211.7334	     37.8711
    211.8334	     37.7148
    211.9334	     37.5625
    212.0335	     37.4258
    212.1334	     37.2891
    212.2335	     37.1758
    212.3335	     37.1289
    212.4332	     37.1680
    212.5335	     37.2539
    212.6334	     37.3164
    212.7335	     37.3516
    212.8334	     37.3828
    212.9335	     37.4219
    213.0335	     37.4648
    213.1335	     37.4844
    213.2336	     37.4648
    213.3333	     37.4492
    213.4336	     37.4336
    213.5335	     37.3672
    213.6335	     37.3125
    213.7335	     37.3164
    213.8336	     37.3867
    213.9335	     37.4766
    214.0336	     37.5117
    214.1335	     37.4883
    214.2336	     37.4414
    214.3336	     37.4063
    214.4336	     37.4063
    214.5335	     37.4336
    214.6336	     37.4453
    214.7336	     37.4375
    214.8336	     37.4336
    214.9336	     37.4727
    215.0338	     37.5117
    215.1336	     37.5195
    215.2337	     37.5078
    215.3337	     37.5039
    215.4337	     37.5273
    215.5337	     37.6172
    215.6338	     37.7109
    215.7336	     37.8086
    215.8337	     37.9141
    215.9337	     38.0195
    216.0337	     38.1484
    216.1337	     38.2852
    216.2338	     38.3633
    216.3337	     38.4141
    216.4338	     38.4492
    216.5338	     38.4883
    216.6338	     38.5586
    216.7338	     38.6797
    216.8337	     38.7461
    216.9338	     38.7227
    217.0338	     38.6250
    217.1339	     38.4883
    217.2339	     38.3711
    217.3338	     38.3008
    217.4339	     38.3477
    217.5338	     38.4141
    217.6338	     38.4609
    217.7339	     38.4609
    217.8339	     38.4609
    217.9339	     38.5313
    218.0340	     38.6641
    218.1339	     38.8008
    218.2340	     38.9297
    218.3340	     39.0703
    218.4339	     39.1914
    218.5340	     39.3320
    218.6340	     39.5234
    218.7339	     39.7813
    218.8340	     40.1055
    218.9340	     40.4570
    219.0340	     40.7617
    219.1340	     41.0195
    219.2341	     41.2617
    219.3340	     41.5156
    219.4340	     41.7813
    219.5340	     42.0703
    219.6340	     42.3789
    219.7340	     42.6992
    219.8341	     43.0039
    219.9341	     43.3047
    220.0341	     43.6016
    220.1341	     43.9023
    220.2341	     44.2109
    220.3341	     44.5195
    220.4341	     44.8281
    220.5341	     45.1563
    220.6341	     45.4727
    220.7342	     45.7813
    220.8342	     46.0898
    220.9342	     46.3867
    221.0342	     46.7227
    221.1342	     47.1172
    221.2342	     47.5469
    221.3342	     47.9648
    221.4342	     48.3867
    221.5342	     48.7930
    221.6343	     49.1836
    221.7342	     49.5859
    221.8343	     49.9922
    221.9342	     50.3867
    222.0343	     50.7773
    222.1343	     51.1328
    222.2344	     51.4883
    222.3343	     51.7813
    222.4343	     51.9414
    222.5343	     51.9727
    222.6343	     51.9688
    222.7343	     51.9609
    222.8342	     51.9375
    222.9343	     51.8398
    223.0344	     51.6602
    223.1344	     51.4961
    223.2347	     51.3867
    223.3344	     51.3320
    223.4344	     51.2813
    223.5344	     51.2227
    223.6348	     51.1680
    223.7348	     51.1094
    223.8345	     51.0352
    223.9345	     50.9336
    224.0348	     50.8086
    224.1345	     50.6641
    224.2348	     50.5156
    224.3348	     50.3867
    224.4345	     50.2852
    224.5345	     50.1953
    224.6348	     50.1133
    224.7345	     50.0469
    224.8346	     50.0352
    224.9349	     50.0742
    225.0349	     50.0391
    225.1349	     49.9219
    225.2349	     49.7656
    225.3346	     49.6328
    225.4346	     49.5078
    225.5349	     49.3867
    225.6346	     49.2422
    225.7346	     49.0898
    225.8349	     48.9453
    225.9346	     48.8008
    226.0349	     48.6523
    226.1350	     48.5078
    226.2345	     48.3672
    226.3345	     48.2266
    226.4350	     48.1016
    226.5347	     47.9805
    226.6350	     47.8398
    226.7350	     47.6914
    226.8347	     47.5391
    226.9350	     47.3828
    227.0350	     47.2188
    227.1348	     47.0625
    227.2350	     46.9141
    227.3350	     46.7773
    227.4351	     46.6367
    227.5351	     46.4727
    227.6346	     46.3125
    227.7348	     46.2227
    227.8351	     46.1914
    227.9348	     46.1953
    228.0351	     46.1953
    228.1347	     46.1602
    228.2351	     46.0859
    228.3351	     45.9766
    228.4351	     45.8398
    228.5347	     45.6914
    228.6352	     45.5469
    228.7352	     45.4023
    228.8352	     45.2344
    228.9347	     45.0273
    229.0352	     44.7930
    229.1348	     44.5742
    229.2348	     44.3984
    229.3352	     44.2500
    229.4352	     44.1250
    229.5352	     44.0273
    229.6352	     43.9180
    229.7348	     43.7656
    229.8352	     43.5859
    229.9352	     43.4102
    230.0353	     43.2578
    230.1353	     43.1289
    230.2353	     42.9844
    230.3349	     42.8164
    230.4353	     42.6484
    230.5353	     42.4766
    230.6353	     42.3125
    230.7353	     42.1523
    230.8349	     42.0078
    230.9353	     41.8672
    231.0349	     41.7266
    231.1353	     41.5898
    231.2353	     41.4570
    231.3354	     41.3359
    231.4354	     41.2109
    231.5354	     41.0781
    231.6354	     40.9297
    231.7354	     40.7578
    231.8354	     40.5820
    231.9350	     40.4063
    232.0354	     40.2109
    232.1354	     40.0039
    232.2354	     39.7813
    232.3350	     39.5547
    232.4354	     39.3281
    232.5350	     39.1055
    232.6355	     38.9023
    232.7355	     38.7070
    232.8355	     38.5391
    232.9355	     38.3945
    233.0355	     38.2344
    233.1355	     38.0781
    233.2355	     37.9805
    233.3355	     38.0078
    233.4351	     38.2695
    233.5355	     38.7422
    233.6355	     39.2227
    233.7353	     39.3945
    233.8356	     39.4414
    233.9356	     39.5625
    234.0356	     39.6875
    234.1356	     39.7852
    234.2359	     39.8984
    234.3356	     40.0391
    234.4356	     40.1719
    234.5356	     40.2969
    234.6356	     40.4805
    234.7356	     40.6875
    234.8356	     40.8945
    234.9356	     41.1172
    235.0357	     41.3438
    235.1357	     41.5664
    235.2357	     41.8047
    235.3357	     42.0664
    235.4357	     42.3359
    235.5357	     42.5859
    235.6357	     42.8203
    235.7357	     43.0625
    235.8357	     43.3633
    235.9357	     43.7227
    236.0357	     44.1289
    236.1357	     44.5742
    236.2357	     45.0352
    236.3358	     45.4531
    236.4358	     45.7617
    236.5358	     45.8867
    236.6358	     45.7773
    236.7358	     45.5195
    236.8358	     45.2070
    236.9358	     44.9375
    237.0354	     44.7461
    237.1354	     44.6094
    237.2358	     44.5039
    237.3358	     44.3984
    237.4358	     44.2656
    237.5359	     44.1094
    237.6359	     43.9531
    237.7359	     43.8047
    237.8359	     43.6641
    237.9359	     43.5234
    238.0355	     43.3789
    238.1359	     43.2305
    238.2356	     43.0820
    238.3359	     42.9297
    238.4359	     42.7734
    238.5359	     42.6094
    238.6359	     42.4336
    238.7356	     42.2539
    238.8356	     42.0742
    238.9360	     41.9102
    239.0360	     41.7539
    239.1360	     41.6211
    239.2357	     41.4805
    239.3360	     41.2891
    239.4360	     41.0664
    239.5360	     40.8203
    239.6360	     40.5469
    239.7356	     40.2461
    239.8361	     39.9258
    239.9361	     39.5898
    240.0361	     39.2383
    240.1361	     38.8594
    240.2361	     38.4570
    240.3357	     38.0586
    240.4361	     37.6602
    240.5358	     37.2773
    240.6357	     36.9023
    240.7361	     36.5742
    240.8361	     36.2852
    240.9358	     36.0469
    241.0358	     35.8516
    241.1361	     35.6602
    241.2358	     35.4492
    241.3362	     35.2148
    241.4362	     34.9688
    241.5362	     34.7148
    241.6362	     34.4609
    241.7362	     34.2188
    241.8359	     33.9883
    241.9359	     33.7422
    242.0362	     33.4531
    242.1362	     33.1172
    242.2362	     32.7305
    242.3362	     32.3086
    242.4363	     31.8477
    242.5363	     31.3438
    242.6360	     30.7773
    242.7363	     30.1602
    242.8363	     29.5508
    242.9363	     28.9336
    243.0363	     28.3125
    243.1363	     27.7031
    243.2363	     27.0977
    243.3363	     26.5000
    243.4363	     25.9102
    243.5363	     25.3477
    243.6363	     24.8320
    243.7363	     24.4102
    243.8363	     24.1172
    243.9364	     23.9297
    244.0364	     23.7891
    244.1364	     23.6758
    244.2364	     23.5703
    244.3364	     23.4727
    244.4364	     23.3828
    244.5361	     23.3086
    244.6364	     23.2422
    244.7364	     23.1875
    244.8364	     23.1406
    244.9362	     23.0938
    245.0365	     23.0508
    245.1364	     22.9922
    245.2365	     22.9258
    245.3365	     22.8516
    245.4365	     22.7422
    245.5365	     22.5586
    245.6365	     22.3164
    245.7365	     22.0781
    245.8365	     21.8867
    245.9365	     21.7500
    246.0365	     21.6367
    246.1365	     21.5039
    246.2366	     21.3164
    246.3365	     21.1367
    246.4366	     21.0000
    246.5366	     20.8711
    246.6366	     20.7578
    246.7366	     20.6523
    246.8366	     20.5195
    246.9366	     20.4063
    247.0366	     20.3555
    247.1366	     20.3359
    247.2366	     20.3281
    247.3366	     20.3398
    247.4367	     20.3750
    247.5366	     20.4375
    247.6367	     20.5234
    247.7367	     20.6406
    247.8367	     20.8164
    247.9367	     21.0391
    248.0367	     21.3047
    248.1367	     21.6094
    248.2367	     21.9609
    248.3367	     22.3594
    248.4367	     22.7813
    248.5367	     23.2148
    248.6367	     23.6445
    248.7367	     24.0547
    248.8367	     24.4102
    248.9368	     24.7305
    249.0368	     25.0352
    249.1368	     25.3086
    249.2368	     25.5039
    249.3368	     25.5820
    249.4368	     25.5391
    249.5369	     25.4102
    249.6368	     25.1992
    249.7368	     24.9453
    249.8369	     24.7305
    249.9368	     24.5586
    250.0369	     24.4336
    250.1370	     24.3398
    250.2368	     24.2773
    250.3369	     24.2344
    250.4369	     24.2109
    250.5369	     24.1563
    250.6369	     24.0469
    250.7369	     23.9492
    250.8369	     23.8633
    250.9370	     23.8008
    251.0370	     23.7383
    251.1370	     23.6445
    251.2369	     23.4961
    251.3370	     23.3203
    251.4370	     23.1523
    251.5370	     22.9844
    251.6370	     22.7969
    251.7370	     22.5820
    251.8370	     22.3398
    251.9370	     22.0781
    252.0370	     21.8008
    252.1371	     21.5273
    252.2370	     21.2539
    252.3370	     20.9922
    252.4370	     20.7695
    252.5371	     20.6094
    252.6371	     20.5000
    252.7371	     20.4141
    252.8371	     20.3242
    252.9371	     20.2305
    253.0371	     20.1367
    253.1373	     20.0273
    253.2371	     19.8984
    253.3371	     19.7344
    253.4372	     19.5352
    253.5371	     19.3281
    253.6371	     19.1172
    253.7371	     18.8984
    253.8372	     18.6563
    253.9372	     18.4023
    254.0372	     18.1484
    254.1372	     17.9258
    254.2372	     17.7227
    254.3372	     17.5352
    254.4372	     17.3477
    254.5372	     17.1602
    254.6373	     16.9766
    254.7372	     16.7930
    254.8372	     16.6094
    254.9373	     16.4258
    255.0373	     16.2422
    255.1373	     16.0898
    255.2373	     15.9766
    255.3373	     15.8984
    255.4373	     15.8398
    255.5374	     15.7773
    255.6373	     15.7148
    255.7373	     15.6523
    255.8373	     15.5859
    255.9374	     15.4766
    256.0374	     15.2930
    256.1374	     15.0430
    256.2373	     14.7773
    256.3374	     14.5547
    256.4374	     14.3906
    256.5374	     14.2656
    256.6374	     14.1289
    256.7374	     13.9609
    256.8374	     13.7695
    256.9374	     13.5820
    257.0374	     13.4023
    257.1374	     13.2227
    257.2374	     13.0234
    257.3374	     12.7930
    257.4374	     12.5156
    257.5374	     12.1914
    257.6374	     11.8516
    257.7374	     11.4883
    257.8375	     11.0898
    257.9375	     10.6445
    258.0375	     10.2070
    258.1375	      9.7617
    258.2375	      9.2734
    258.3375	      8.7617
    258.4375	      8.2539
    258.5375	      7.7656
    258.6375	      7.3203
    258.7375	      6.9453
    258.8375	      6.6641
    258.9375	      6.4727
    259.0376	      6.3594
    259.1377	      6.3008
    259.2376	      6.2656
    259.3376	      6.2383
    259.4377	      6.2227
    259.5376	      6.2188
    259.6376	      6.2422
    259.7377	      6.2930
    259.8376	      6.3633
    259.9376	      6.4336
    260.0377	      6.5000
    260.1376	      6.5625
    260.2377	      6.6172
    260.3377	      6.6680
    260.4377	      6.7227
    260.5377	      6.7656
    260.6377	      6.8047
    260.7377	      6.8359
    260.8377	      6.8672
    260.9378	      6.8906
    261.0377	      6.9063
    261.1378	      6.9102
    261.2378	      6.9141
    261.3377	      6.9180
    261.4378	      6.9336
    261.5378	      6.9531
    261.6378	      6.9766
    261.7378	      7.0039
    261.8379	      7.0313
    261.9378	      7.0586
    262.0378	      7.0898
    262.1379	      7.1211
    262.2378	      7.1563
    262.3378	      7.1953
    262.4379	      7.2383
    262.5378	      7.2813
    262.6379	      7.3281
    262.7379	      7.3750
    262.8379	      7.4375
    262.9379	      7.5078
    263.0380	      7.5781
    263.1379	      7.6367
    263.2379	      7.6797
    263.3380	      7.7031
    263.4379	      7.7070
    263.5380	      7.6914
    263.6381	      7.6523
    263.7379	      7.5938
    263.8379	      7.5234
    263.9380	      7.4570
    264.0380	      7.3945
    264.1380	      7.3320
    264.2380	      7.2656
    264.3380	      7.1758
    264.4380	      7.0625
    264.5380	      6.9219
    264.6380	      6.7305
    264.7381	      6.4922
    264.8381	      6.2344
    264.9381	      5.9844
    265.0381	      5.7578
    265.1380	      5.5391
    265.2381	      5.3516
    265.3381	      5.1992
    265.4381	      4.9609
    265.5381	      4.5508
    265.6381	      4.0547
    265.7381	      3.5820
    265.8381	      3.1523
    265.9381	      2.8125
    266.0381	      2.5313
    266.1382	      2.2969
    266.2382	      2.1289
    266.3380	      2.0313
    266.4383	      1.9844
    266.5382	      1.9688
    266.6382	      1.9727
    266.7381	      1.9844
